S-box 1:
125 39 230 123 112 217 151 200 149 189 54 143 225 219 65 205 147 109 196 186 95 200 0 5 123 180 3 77 149 180 225 222 99 146 0 12 69 4 145 123 37 180 27 189 134 98 164 2 8 137 72 246 57 121 79 16 47 101 78 204 124 170 18 89 87 143 204 192 72 253 149 187 180 228 43 11 174 242 248 195 3 246 41 101 174 150 250 89 178 212 159 152 117 127 208 210 166 53 160 72 102 143 183 182 242 218 120 121 199 21 184 210 195 138 32 254 167 71 168 255 239 160 169 81 221 225 73 107 165 109 166 40 153 191 179 168 18 217 72 209 94 102 42 175 172 123 153 187 188 191 111 99 167 216 223 220 181 42 5 27 98 88 82 55 238 87 71 26 160 165 40 101 2 49 161 44 231 151 8 94 52 80 163 246 61 148 83 49 170 124 49 28 227 195 201 255 131 144 30 188 130 117 238 253 230 18 91 237 150 28 168 191 43 189 163 209 226 21 96 195 167 190 242 106 13 36 81 93 64 131 93 154 250 235 219 164 54 97 30 109 50 59 202 171 237 193 173 69 10 128 241 168 75 227 66 62

S-box 2:
237 50 202 157 92 149 198 190 229 10 211 5 119 234 120 180 216 120 144 104 227 91 128 90 163 25 242 92 150 230 141 80 181 126 21 151 47 153 19 96 106 240 51 13 146 5 2 5 21 186 46 50 54 144 108 191 148 226 91 240 50 31 158 0 123 248 152 110 167 104 125 45 198 68 214 0 108 87 28 110 36 85 144 76 200 212 196 53 14 228 118 139 20 199 166 184 57 189 202 91 17 25 80 65 121 55 161 176 255 171 46 228 45 91 180 81 64 99 20 119 125 75 141 53 139 18 150 128 121 127 126 21 125 155 6 23 99 102 148 31 200 227 200 224 64 208 73 208 157 67 236 61 46 69 102 0 148 252 117 35 206 92 234 240 213 218 0 61 152 71 140 90 84 77 116 73 47 76 227 91 136 103 217 59 164 88 56 236 92 144 242 184 220 118 210 239 106 148 126 10 185 146 99 166 113 100 122 223 115 109 147 199 244 48 66 94 189 178 21 202 252 14 240 132 13 75 193 126 252 68 22 8 167 197 93 98 153 198 201 134 252 131 229 99 237 124 148 42 31 153 125 174 90 80 9 93

S-box 3:
11 190 55 110 187 69 65 206 232 210 74 141 1 108 12 255 253 21 9 76 8 89 189 185 8 105 137 210 191 217 77 188 35 29 187 249 63 132 154 18 56 143 214 155 203 244 121 103 242 71 104 133 32 253 8 129 209 229 162 111 194 140 130 118 79 18 54 172 238 226 21 206 60 103 125 170 196 131 92 19 27 187 231 153 109 215 83 9 239 234 159 99 79 242 86 146 199 64 110 102 100 9 97 106 152 232 93 44 0 173 215 254 98 45 141 219 150 108 5 121 16 118 156 247 200 180 165 68 240 178 200 86 222 2 219 135 45 252 72 100 187 59 240 122 133 237 28 217 3 226 222 15 90 122 205 144 63 176 218 187 209 5 85 200 231 142 206 189 55 159 15 202 204 44 180 220 101 57 68 25 223 15 89 200 247 138 21 100 75 71 16 26 183 107 22 69 0 104 114 182 169 25 240 199 42 191 20 63 213 193 106 106 206 65 205 26 24 75 17 63 188 251 214 236 148 229 106 145 122 251 214 30 176 100 73 197 106 92 99 140 107 151 206 112 0 134 144 93 85 130 181 155 242 205 146 60

S-box 4:
99 82 93 121 255 45 13 53 221 79 175 122 77 92 9 235 149 13 30 124 7 109 116 108 234 195 254 241 32 50 159 250 206 153 19 211 224 27 31 4 122 123 229 182 229 231 220 243 237 101 141 66 242 153 193 195 45 153 162 219 127 251 205 183 186 62 235 9 186 113 109 231 126 21 5 204 155 187 247 237 215 176 213 49 149 101 213 19 224 148 22 233 34 21 111 179 218 210 121 103 151 117 84 66 47 157 147 201 206 162 204 124 235 216 21 131 30 101 74 129 39 94 143 66 251 230 42 235 111 25 195 96 242 18 149 126 239 115 199 29 248 65 62 124 237 60 209 227 143 84 234 17 86 170 238 17 43 235 79 150 238 244 207 200 139 146 25 17 164 153 135 48 199 129 102 232 48 105 207 9 211 148 185 146 126 109 99 144 132 178 104 141 244 236 138 101 72 13 190 59 150 76 133 127 30 108 22 43 140 62 242 123 56 118 170 65 194 100 180 170 162 32 253 79 170 43 97 236 174 133 29 81 73 230 64 128 96 230 34 25 143 200 88 112 5 50 236 70 121 159 144 195 185 89 233 77

S-box 5:
174 75 228 228 134 231 79 170 54 195 54 233 197 89 66 219 104 104 204 240 112 120 71 156 30 44 109 118 163 234 254 210 230 207 162 127 58 61 238 194 225 45 243 95 190 110 137 128 52 227 167 89 87 228 144 248 82 8 37 94 63 205 193 141 180 227 47 94 231 23 30 41 173 85 155 5 157 63 91 91 0 211 218 19 189 5 41 169 101 90 236 21 4 82 122 39 99 55 243 32 209 15 207 223 95 205 73 179 189 157 18 84 116 90 132 175 179 253 169 144 40 23 36 145 248 227 154 1 253 72 247 151 48 237 112 152 107 191 5 119 6 26 242 2 214 110 54 202 82 113 28 187 37 36 141 63 148 15 233 11 103 175 109 5 78 39 47 167 150 6 185 94 132 123 163 184 225 27 92 128 62 174 55 203 66 136 40 37 228 104 244 131 56 94 46 125 91 31 21 147 32 74 21 179 69 60 131 132 48 139 131 96 254 21 48 253 232 190 127 32 231 163 19 99 162 206 201 184 255 140 143 2 252 87 140 43 58 62 4 210 8 184 66 1 121 189 212 17 61 40 107 37 31 170 129 85

S-box 6:
153 124 19 30 108 147 181 233 241 137 59 178 219 222 224 92 92 109 37 147 198 72 178 129 112 81 202 9 188 25 11 82 85 20 51 129 103 246 28 241 104 59 87 75 245 14 87 228 59 210 62 73 94 247 60 22 61 140 171 102 142 124 226 111 48 149 102 44 2 101 127 56 103 199 211 104 189 41 72 4 187 32 196 157 209 41 137 46 214 97 232 249 186 249 90 122 126 203 211 34 212 103 174 53 210 245 222 248 56 189 97 242 94 31 245 107 5 138 137 169 4 219 216 83 198 222 24 37 119 191 255 138 17 66 201 54 216 240 204 240 44 43 57 129 114 166 149 4 130 3 204 247 51 164 180 200 203 118 185 80 152 220 254 158 46 56 28 164 8 65 111 95 62 19 247 193 177 159 85 30 53 108 163 52 102 210 130 72 68 35 165 90 157 77 127 231 242 79 175 220 104 245 131 154 44 131 227 241 77 119 182 31 122 100 217 17 52 125 73 88 97 186 82 80 191 110 2 176 169 105 145 91 247 104 175 36 116 252 134 8 94 93 89 14 7 120 104 48 21 36 48 18 216 36 182 132

S-box 7:
121 203 101 23 162 171 83 102 96 211 30 124 181 199 48 31 253 121 70 25 114 39 243 7 203 178 148 68 104 126 171 128 21 117 211 133 47 255 216 180 60 32 179 213 133 58 25 48 205 186 217 161 137 157 26 204 7 203 209 182 7 87 188 193 41 255 2 169 131 5 88 83 217 82 173 136 38 151 16 227 115 232 62 22 239 155 206 174 195 69 184 239 19 102 194 170 225 165 138 237 198 92 117 227 225 12 71 213 185 67 231 236 236 141 130 30 78 221 221 99 86 16 62 94 81 29 201 209 24 40 176 72 191 125 175 202 84 12 70 103 132 10 39 249 168 60 198 112 103 186 233 123 206 123 253 207 206 97 132 116 38 229 180 16 31 35 249 97 180 132 125 98 178 183 104 164 107 66 188 24 51 68 6 40 134 33 18 144 178 188 106 184 15 250 220 132 121 178 60 246 10 5 176 195 255 66 74 161 195 101 234 84 187 89 133 172 133 175 92 124 87 118 90 57 157 154 123 208 99 97 232 202 226 228 31 129 164 254 46 186 123 168 76 182 18 66 155 161 212 64 255 246 166 72 105 188

S-box 8:
65 119 25 57 68 149 21 76 132 208 130 208 221 194 189 186 28 127 47 211 246 231 145 97 121 45 159 96 126 106 110 27 99 102 178 230 151 138 39 179 154 235 135 127 132 89 246 28 189 94 85 7 57 82 221 99 46 231 39 98 147 69 172 247 192 223 7 156 83 220 83 71 248 66 178 99 39 18 61 171 89 72 3 118 206 106 159 199 229 43 69 211 208 90 230 28 207 112 175 113 244 183 234 147 154 199 32 138 212 159 80 226 156 210 50 135 30 105 31 71 167 158 166 204 121 155 193 223 63 199 253 77 111 43 76 9 54 136 151 105 162 204 61 118 105 6 122 216 73 182 125 150 127 126 233 191 41 27 12 104 130 204 249 181 251 238 168 95 151 148 67 212 202 173 194 178 237 160 110 215 139 23 244 41 127 10 154 167 73 148 32 246 121 217 108 113 46 23 231 51 178 16 243 119 43 255 243 135 108 21 108 182 116 43 105 67 245 9 81 35 240 122 71 75 113 213 217 180 219 176 159 133 143 157 134 10 236 245 170 200 78 30 178 105 211 137 194 117 192 159 242 8 192 214 226 117

S-box 9:
68 90 117 231 210 204 111 128 213 35 205 193 105 2 194 92 73 19 48 108 207 166 103 230 248 43 179 43 201 79 156 31 83 15 204 214 169 150 91 239 20 252 0 217 188 210 147 232 239 254 80 194 44 3 74 242 32 95 23 137 255 62 145 40 213 103 177 68 156 219 239 224 173 198 135 129 191 160 101 205 168 244 147 216 211 89 54 86 83 143 97 157 181 149 28 60 196 178 113 36 147 147 154 87 2 103 188 159 226 231 215 43 35 136 61 126 250 199 252 135 162 20 125 188 119 46 209 67 115 173 92 64 215 145 227 92 42 0 235 134 213 17 106 232 13 74 213 58 139 21 253 188 217 86 60 202 86 223 140 126 245 151 61 146 44 244 61 95 113 83 56 227 251 149 174 248 124 216 105 69 115 9 40 21 72 228 97 48 66 157 124 39 73 181 162 111 230 210 123 24 83 207 238 218 126 139 220 224 145 98 205 49 55 180 206 20 106 84 135 198 14 224 107 115 113 209 171 153 173 94 54 143 225 16 177 194 85 107 31 2 161 121 169 80 255 8 11 224 97 140 88 175 148 56 215 253

S-box 10:
116 159 242 226 207 119 55 100 75 215 13 165 52 225 143 247 213 30 203 60 138 230 198 81 247 181 196 248 241 79 117 70 76 95 216 162 212 84 72 2 183 58 207 220 158 36 51 0 31 173 126 48 7 84 250 246 130 156 32 104 121 96 209 90 230 40 179 102 76 158 143 252 107 4 230 107 143 52 165 54 207 226 43 121 177 115 121 173 0 172 216 234 176 112 197 231 188 128 48 109 226 31 189 47 35 164 225 196 41 198 62 180 12 76 59 5 146 139 170 168 68 225 127 23 90 173 98 133 194 11 239 163 249 146 108 187 176 33 165 85 185 249 72 70 67 219 229 212 121 25 38 201 234 47 112 199 134 241 214 121 203 156 88 133 210 68 62 84 77 255 93 204 77 140 167 251 255 158 31 208 119 203 186 110 124 81 69 30 146 24 119 150 250 19 26 200 119 169 81 183 39 139 125 234 242 73 24 54 13 120 253 92 60 99 185 176 193 64 216 236 119 181 82 214 111 54 178 231 251 129 190 167 157 231 154 62 250 177 224 29 235 1 243 136 183 93 62 226 140 116 78 138 135 147 165 220

S-box 11:
52 100 182 173 3 21 92 35 245 131 131 2 248 145 200 133 63 127 182 203 174 60 78 180 74 89 180 70 101 141 109 207 104 171 45 10 5 167 188 200 14 193 228 30 74 49 191 65 119 183 6 169 133 245 216 3 57 68 222 117 223 46 199 227 32 221 57 84 95 171 27 236 87 141 189 121 182 91 179 213 55 8 106 152 50 30 146 186 204 186 89 97 132 35 231 219 205 37 236 195 134 105 81 189 175 78 23 24 78 51 222 142 169 104 24 137 103 235 66 126 220 46 169 53 149 97 64 33 56 233 11 237 170 1 220 18 215 183 35 136 91 209 158 229 229 113 173 46 211 173 219 152 254 152 212 1 5 186 52 155 88 141 151 83 29 61 112 145 198 184 165 93 1 19 233 129 170 33 59 218 25 77 29 187 129 66 78 176 93 229 80 66 103 5 193 196 198 233 37 154 26 4 98 29 170 17 151 228 195 119 238 193 184 165 49 240 17 59 7 186 55 74 116 90 68 188 43 81 41 46 96 49 103 131 23 142 154 52 146 120 207 150 8 6 255 248 200 148 37 5 24 31 102 19 78 12

S-box 12:
83 79 209 141 21 181 92 8 51 106 187 72 19 181 215 115 183 83 137 163 254 55 113 80 198 114 144 52 92 22 70 98 33 10 222 126 224 142 180 79 211 205 185 44 78 2 66 36 196 12 77 208 40 137 167 210 100 19 169 172 152 40 208 192 143 162 242 231 236 17 47 27 166 19 5 172 227 230 93 136 194 91 108 86 149 200 12 191 176 226 101 165 109 18 176 21 156 238 227 49 117 224 200 141 220 105 162 64 117 77 130 230 51 97 216 162 144 13 137 26 54 242 64 19 95 231 11 243 62 39 81 92 184 218 19 64 135 44 45 245 33 118 39 197 204 61 182 171 44 91 180 164 6 249 251 36 175 164 12 51 181 226 60 111 214 97 111 154 64 25 214 11 33 165 164 196 132 15 201 5 145 79 13 132 116 56 130 13 41 217 246 156 229 174 95 236 207 191 154 182 212 76 230 69 44 123 152 192 128 190 70 59 86 151 128 217 248 193 186 12 24 140 21 232 182 170 214 14 197 230 191 138 118 216 95 18 197 80 95 7 179 47 31 218 215 175 149 178 27 95 5 104 228 46 50 167

S-box 13:
97 119 162 0 19 71 234 60 79 164 160 154 197 238 135 22 176 142 68 232 24 146 202 43 54 243 207 245 133 142 25 117 149 14 225 201 234 220 242 200 225 241 145 73 33 221 217 114 107 47 67 126 145 121 223 152 22 230 117 22 122 158 247 57 19 67 198 52 220 178 43 150 15 44 156 200 176 14 132 189 225 22 127 66 25 87 152 5 212 79 172 200 28 103 132 141 97 232 34 97 44 133 84 201 202 211 5 40 93 66 27 110 159 60 67 225 216 204 22 170 245 109 64 82 54 89 182 136 171 60 223 221 37 143 107 72 83 18 141 87 171 0 29 48 212 120 85 127 33 58 227 179 192 112 65 32 237 26 241 90 36 137 100 123 14 206 220 134 26 116 195 19 97 43 207 241 106 207 2 173 108 205 144 173 82 232 163 202 1 18 27 217 158 114 83 79 133 126 230 5 234 146 250 166 176 234 244 38 253 183 96 131 126 246 76 180 175 235 78 217 30 131 6 6 45 15 129 90 7 19 98 139 172 3 247 239 20 111 253 200 235 124 6 47 249 122 19 95 147 122 241 145 88 144 39 216

S-box 14:
98 179 29 128 63 115 63 59 248 60 60 88 183 36 117 246 84 199 162 85 245 58 207 249 250 127 11 159 184 236 250 204 4 130 137 45 15 108 36 61 250 101 165 132 90 14 244 52 194 48 149 251 31 7 80 137 189 86 126 63 158 45 60 214 217 211 134 11 95 216 190 21 90 232 68 173 2 142 214 247 163 201 197 189 101 141 204 31 37 11 182 240 83 165 63 73 255 197 3 7 0 224 220 35 180 159 218 41 185 159 237 137 250 75 184 196 171 119 83 124 59 131 192 17 83 77 207 130 135 254 0 212 170 220 191 213 73 150 137 15 20 83 48 69 111 83 126 115 199 60 42 64 149 187 219 52 243 208 8 233 173 1 127 79 97 118 107 24 41 72 205 49 71 160 195 224 208 18 193 91 144 146 5 170 97 0 75 213 91 68 166 23 21 140 238 171 15 185 49 94 49 55 147 239 123 226 144 154 177 160 6 231 104 238 101 179 58 105 124 103 245 18 198 125 231 64 175 140 152 212 199 246 195 151 220 33 58 158 94 174 171 183 8 168 152 124 156 159 199 48 95 32 13 131 25 217

S-box 15:
2 81 240 96 167 191 41 188 158 88 113 95 198 89 246 11 94 158 41 55 13 190 65 90 103 164 89 123 119 221 149 196 63 96 165 245 179 72 115 12 234 178 68 226 209 214 19 201 18 222 104 13 175 126 84 157 153 198 95 3 34 147 49 224 47 252 8 251 160 209 235 141 92 132 83 147 218 112 255 188 37 211 45 83 43 42 121 146 103 101 6 192 125 242 236 60 149 221 217 205 106 76 14 228 38 205 139 16 47 52 11 203 135 125 57 232 194 181 76 36 17 208 129 27 49 22 198 14 0 14 250 250 195 122 71 245 237 16 158 117 123 167 141 184 75 19 62 65 110 199 232 1 53 118 96 180 20 62 38 11 8 205 20 69 44 1 157 229 10 20 121 135 249 163 25 240 108 67 238 128 134 1 6 234 215 134 13 247 102 168 21 246 249 58 67 117 108 60 73 77 18 68 157 72 165 79 179 194 130 87 188 3 170 29 98 38 23 214 182 45 148 140 204 162 209 204 2 133 24 36 237 35 199 30 6 171 130 81 31 137 126 177 66 128 69 170 151 218 73 240 7 13 89 127 127 194

S-box 16:
179 127 127 184 4 178 12 99 192 227 120 240 77 19 72 105 145 11 214 191 1 215 2 185 143 49 230 50 144 148 24 209 89 7 182 56 69 30 11 15 235 94 176 39 228 141 20 98 41 166 28 187 173 105 43 102 12 169 231 167 5 86 112 105 25 135 108 85 92 195 174 190 214 203 121 133 105 95 167 253 167 174 29 47 194 164 38 68 117 173 43 131 152 71 210 216 34 160 220 105 75 168 230 204 238 169 109 138 13 250 130 205 17 182 205 0 90 18 231 58 195 68 178 230 48 230 64 12 152 200 128 9 169 177 249 190 150 148 215 248 97 94 162 201 215 151 153 216 244 139 69 146 34 31 167 124 237 43 28 49 145 144 61 174 122 27 19 26 205 124 110 50 25 10 32 22 138 89 46 98 19 116 167 94 99 233 76 216 222 131 45 229 166 213 38 89 98 133 169 183 61 134 22 144 57 213 70 152 144 109 191 40 66 201 69 197 26 145 48 215 10 111 219 182 78 114 145 183 139 56 122 93 151 142 129 251 108 35 199 79 80 240 12 173 35 121 214 67 222 15 234 14 163 186 85 88

S-box 17:
246 41 153 225 5 83 35 152 166 177 0 11 179 246 121 141 207 186 19 119 85 129 247 229 6 120 180 254 210 154 245 119 109 119 79 108 81 196 163 128 76 153 56 95 131 134 249 112 85 27 166 120 151 223 177 64 94 71 94 169 31 167 37 54 176 137 149 224 128 73 173 43 98 155 254 120 250 207 128 142 84 149 126 45 194 186 56 54 133 223 246 255 5 140 245 178 229 9 57 130 200 180 53 228 173 56 43 39 253 143 164 142 125 115 23 214 174 116 30 254 188 154 251 206 160 45 6 189 24 236 120 37 160 91 202 230 201 150 60 29 203 223 14 167 8 218 11 194 85 158 51 214 249 81 119 10 249 14 64 29 198 180 196 162 53 172 237 64 21 56 15 213 203 88 192 173 79 107 166 174 90 19 237 75 9 202 20 234 2 45 91 163 29 161 255 71 46 176 69 73 156 170 28 217 139 33 5 38 63 236 176 142 71 170 190 27 209 243 1 5 46 61 13 170 149 170 114 156 165 193 61 178 153 52 128 164 119 42 222 57 0 199 30 179 183 246 75 23 139 37 176 72 23 235 33 49

S-box 18:
165 117 71 21 250 184 34 165 99 130 147 12 245 237 186 31 228 236 254 146 145 31 136 199 30 35 218 16 98 52 182 119 203 171 246 76 234 129 71 7 229 212 162 60 177 43 50 194 143 83 53 122 168 165 48 199 231 187 98 47 250 68 164 235 78 79 110 125 64 37 184 53 217 38 76 237 202 246 252 195 198 125 78 135 238 212 92 94 225 168 244 37 117 165 175 43 162 225 21 150 126 42 57 6 91 27 148 232 219 93 162 8 240 83 229 8 169 193 64 103 82 80 13 126 205 240 124 164 84 38 222 233 2 38 49 32 90 117 131 88 14 62 46 30 44 39 238 246 41 226 11 91 174 168 162 104 89 114 228 3 235 212 63 251 8 175 40 37 187 192 244 161 166 117 89 63 3 238 98 41 244 125 73 232 215 249 251 204 87 155 121 125 155 86 251 131 148 67 210 232 42 104 86 56 161 7 42 36 155 25 187 142 165 111 89 189 199 37 61 42 43 7 181 236 193 210 104 37 211 236 186 161 134 131 82 60 14 151 139 179 135 182 125 144 89 99 60 69 213 246 163 239 17 125 37 253

S-box 19:
95 157 78 237 231 225 78 87 18 183 21 105 141 120 18 198 118 250 28 254 141 248 102 91 192 19 167 154 34 45 75 168 66 161 166 35 128 87 244 179 4 163 31 94 228 197 243 117 30 188 123 244 50 116 242 227 149 112 88 213 83 222 251 144 81 38 3 69 103 5 191 54 35 85 81 76 32 22 184 8 10 107 113 173 254 214 26 142 163 177 198 131 70 223 13 195 224 49 213 79 66 206 139 130 162 253 146 247 225 124 197 31 187 160 85 44 219 71 174 233 149 88 188 61 191 198 233 119 247 31 42 94 28 81 87 223 16 165 165 146 178 8 75 79 157 71 97 50 0 48 189 60 73 38 181 235 232 70 116 61 24 64 163 232 7 221 63 191 102 133 47 198 232 226 38 167 252 27 129 218 90 79 161 215 180 0 213 78 10 26 195 227 157 228 90 156 42 5 158 125 171 193 51 216 201 74 148 3 6 113 100 126 141 92 140 126 237 62 128 231 24 241 47 247 213 167 1 34 44 219 7 81 138 113 207 99 21 163 229 71 44 138 182 101 115 53 91 165 56 242 108 94 22 110 78 236

S-box 20:
233 215 113 89 179 247 51 0 245 59 231 166 254 191 159 225 142 109 9 85 102 132 97 11 246 87 83 104 61 113 96 211 97 170 2 240 67 49 179 55 29 116 151 153 63 37 13 8 48 29 40 126 227 172 121 217 219 189 10 90 119 196 186 252 9 39 193 208 143 153 47 168 245 205 131 142 34 130 186 99 146 97 160 251 176 186 55 155 173 168 7 73 76 81 196 113 28 73 107 153 167 130 62 246 26 63 62 176 197 57 62 95 183 78 70 254 88 254 254 199 221 78 138 80 92 227 73 57 142 186 87 19 141 137 252 2 118 171 200 8 195 220 123 134 155 204 199 175 147 94 204 72 102 139 125 128 252 198 243 89 136 114 48 88 178 199 7 212 244 233 51 66 245 102 227 83 7 146 163 46 182 197 141 179 212 149 172 230 130 112 214 147 230 91 51 145 32 88 146 250 166 231 146 221 67 180 17 99 23 74 131 195 255 66 4 91 139 206 57 239 82 174 153 173 43 222 254 194 139 179 115 238 145 119 180 86 146 47 18 93 24 243 4 158 182 57 219 13 112 222 155 63 168 180 227 194

S-box 21:
37 148 98 51 48 97 23 12 184 211 89 130 208 213 113 236 145 100 1 210 192 241 197 157 205 23 214 180 122 38 192 88 246 25 240 87 71 215 65 65 53 195 11 140 199 251 12 186 73 7 62 232 42 47 183 250 136 58 8 53 255 54 46 156 79 16 67 109 0 21 220 56 209 191 187 19 212 153 13 57 50 34 66 112 46 59 73 9 162 162 87 255 57 164 145 142 112 39 189 128 197 181 182 240 130 179 12 241 4 58 120 49 28 190 188 95 192 71 160 54 99 29 146 26 141 217 193 174 178 96 172 151 166 97 132 85 43 198 41 53 109 246 88 149 236 106 212 216 113 118 47 165 229 99 197 137 122 102 50 117 64 8 119 203 69 103 31 26 166 172 105 199 190 55 228 155 154 117 183 20 55 140 210 70 193 155 45 169 61 16 66 218 125 116 26 103 155 185 153 85 52 186 253 160 229 195 49 237 19 60 144 171 81 77 186 148 116 183 198 210 236 156 250 131 14 76 210 142 183 169 89 85 65 6 107 45 194 7 36 73 131 146 100 129 112 179 5 249 30 247 0 221 143 85 120 208

S-box 22:
87 175 164 1 135 122 169 245 113 196 220 232 202 17 138 214 201 132 92 57 124 255 103 205 168 255 155 182 192 144 26 174 67 87 220 75 41 14 179 246 237 86 164 136 201 210 165 185 5 254 85 169 177 41 219 3 32 158 114 186 246 40 130 118 251 158 159 19 32 111 151 145 230 136 242 52 10 59 243 37 3 212 187 13 207 68 45 187 218 161 107 62 0 110 235 241 11 232 107 61 40 197 185 134 191 45 152 66 173 212 184 14 60 128 15 195 49 110 122 232 207 217 249 26 252 71 150 164 98 165 226 106 34 36 233 239 96 10 92 219 238 179 0 221 239 117 112 87 205 193 253 174 32 91 202 110 30 121 7 22 117 11 17 122 234 170 18 12 124 58 153 34 6 97 129 224 61 117 211 193 163 248 238 170 231 85 240 31 158 167 124 92 239 34 185 29 40 41 49 74 203 153 152 55 48 244 212 128 40 123 38 35 72 194 117 39 223 201 205 69 79 66 32 205 206 170 23 3 51 206 73 224 101 35 230 99 86 140 102 100 223 207 143 165 165 20 35 53 13 109 8 200 176 222 132 204

S-box 23:
185 60 103 220 10 104 23 170 35 247 197 254 184 88 228 99 20 197 215 92 195 12 240 47 245 101 112 95 217 11 82 168 28 55 78 5 195 192 167 243 26 8 67 227 104 248 248 234 202 178 0 81 151 175 140 157 46 41 94 78 141 33 159 240 213 204 244 155 232 61 159 250 248 53 218 206 67 1 237 99 169 213 217 127 17 155 139 41 241 67 232 91 75 46 241 10 28 174 132 181 48 51 81 239 114 104 217 8 190 141 215 138 17 61 119 42 170 115 63 188 100 242 126 52 66 129 71 104 245 11 26 141 227 25 86 105 149 166 166 211 79 210 15 165 169 113 231 194 123 0 24 4 47 170 63 251 188 140 193 151 53 39 173 162 18 183 163 230 48 26 147 150 130 209 81 35 110 110 44 118 177 104 86 251 47 187 111 131 243 59 233 107 133 219 17 161 189 237 106 213 229 210 245 142 198 181 32 54 212 252 114 117 77 82 227 172 170 235 180 201 207 173 197 19 56 204 176 225 165 252 172 198 59 50 116 126 177 217 62 92 131 48 107 43 65 88 228 100 7 15 47 147 169 2 16 232

S-box 24:
193 173 230 92 175 130 245 215 177 122 82 197 142 22 86 122 18 69 82 163 231 6 233 64 0 142 222 78 52 225 104 251 188 143 103 197 229 245 197 4 246 133 193 106 108 137 144 84 171 40 24 176 209 193 133 25 230 47 179 153 133 66 173 150 120 66 121 70 199 141 43 160 55 140 51 233 190 158 240 92 166 31 103 8 147 156 39 205 121 170 148 134 13 89 108 112 236 114 53 31 201 110 186 55 91 40 151 118 214 86 41 95 205 215 111 23 226 135 145 142 166 198 21 49 51 254 137 18 147 43 232 251 126 94 137 121 3 85 49 240 249 105 253 151 219 247 174 203 122 147 114 240 192 14 105 192 13 32 183 229 191 230 205 46 127 6 13 229 164 218 176 83 63 192 10 1 107 5 241 129 205 34 14 20 68 225 128 5 121 155 236 186 132 108 164 109 31 34 235 166 229 246 65 26 99 127 22 54 68 223 145 49 96 184 248 40 112 181 143 179 156 166 224 180 119 51 91 152 206 102 47 142 222 78 105 39 11 170 212 180 123 205 157 55 122 34 11 8 120 151 217 243 138 24 68 150

S-box 25:
99 231 206 244 206 250 83 186 92 21 206 38 40 13 29 76 12 222 245 137 238 99 61 39 94 51 179 252 16 152 155 48 37 72 145 182 30 242 230 244 238 65 120 13 130 200 91 33 182 204 205 246 241 236 24 165 72 126 89 106 33 80 109 134 128 218 97 78 106 138 96 41 44 124 141 148 185 179 101 29 140 38 243 82 18 211 28 97 144 237 22 0 98 204 211 110 244 19 192 231 104 126 113 160 226 194 160 165 189 233 106 140 31 63 16 84 22 42 88 164 205 125 48 246 141 254 94 213 106 69 110 123 126 16 110 82 217 232 150 41 159 185 82 184 161 96 9 27 156 60 25 178 144 69 163 14 67 249 66 135 188 125 227 40 163 91 73 38 64 106 199 234 123 145 186 194 142 118 69 201 137 236 127 144 155 160 255 233 117 47 192 64 216 48 106 146 162 77 237 86 246 110 99 205 6 80 83 14 214 240 113 18 223 112 19 111 58 5 133 38 50 188 78 165 172 0 151 170 190 29 200 62 176 22 189 105 227 24 218 73 142 22 2 98 106 75 253 67 252 82 225 219 122 250 146 96

S-box 26:
21 178 193 145 73 216 136 132 92 74 187 50 132 245 119 241 37 91 195 114 40 75 241 201 38 39 74 177 213 170 157 93 169 157 250 63 95 242 245 13 195 112 59 188 10 91 141 144 66 27 114 198 9 42 243 247 24 30 34 100 243 40 209 124 126 21 219 66 30 66 168 96 47 211 77 128 11 142 68 166 137 162 34 138 53 229 20 97 243 62 197 75 154 243 89 82 88 0 177 244 107 216 182 105 20 248 172 171 107 111 89 82 248 221 43 62 86 148 100 228 226 205 21 248 233 54 47 229 1 193 14 217 167 81 124 143 58 185 179 206 132 254 182 103 44 127 149 112 110 220 155 254 36 233 111 108 198 132 15 121 111 226 182 13 171 35 45 64 89 206 68 90 248 161 10 15 126 68 189 36 219 198 184 189 19 211 0 165 197 169 187 141 243 58 40 67 205 101 28 81 234 21 207 95 66 182 82 118 255 146 198 15 175 113 178 130 204 179 74 123 134 99 70 168 233 139 220 233 143 131 28 12 52 118 210 222 100 18 109 150 19 35 195 204 145 62 214 249 95 53 82 36 19 15 145 85

S-box 27:
156 43 169 147 2 68 57 95 189 244 239 51 76 229 85 211 223 203 44 226 108 71 92 246 197 135 82 58 203 159 216 134 146 177 181 36 134 42 20 20 246 168 236 118 176 239 196 255 61 143 104 206 121 188 134 231 43 187 103 148 8 7 65 51 191 182 52 216 125 73 25 208 48 212 91 75 34 145 225 181 127 85 213 149 146 88 52 163 227 103 48 60 172 106 54 50 92 196 212 191 105 170 245 147 25 118 212 200 100 158 179 65 126 198 103 134 117 98 238 71 190 81 94 108 139 106 82 25 7 172 68 13 106 51 194 145 243 212 42 103 238 38 202 86 74 39 188 135 101 240 105 154 164 116 46 68 109 204 114 150 169 223 134 201 162 114 106 253 164 113 82 183 184 227 20 75 19 22 123 249 118 209 216 245 182 71 203 161 150 71 92 133 242 73 122 31 235 65 112 55 164 192 125 225 59 101 187 212 118 233 88 151 72 9 143 231 251 94 33 40 150 148 143 77 162 150 41 217 174 60 215 255 131 202 253 223 186 168 111 50 11 207 150 80 137 16 36 166 152 103 68 86 106 204 238 121

S-box 28:
165 131 136 212 179 243 38 224 59 28 40 251 17 129 241 9 25 124 93 38 165 51 150 95 160 201 92 51 132 59 66 151 202 248 130 134 179 90 106 64 255 60 185 19 193 187 103 78 87 43 209 200 105 127 6 30 128 22 82 155 107 21 2 170 220 117 224 254 7 134 26 166 13 44 203 35 158 111 253 133 225 55 172 3 1 201 172 136 31 147 58 251 46 59 72 44 240 72 39 71 252 151 90 210 56 220 43 100 91 133 5 224 252 155 145 214 151 92 124 199 181 202 45 111 75 254 204 194 74 86 190 243 217 115 123 220 73 179 232 66 108 140 107 254 232 37 72 137 172 37 251 239 217 156 122 73 225 33 76 97 186 249 102 94 96 214 145 255 251 152 234 242 229 42 62 240 88 175 112 235 46 124 7 69 47 15 128 98 210 128 59 69 138 75 96 174 220 111 112 147 48 146 21 231 122 43 42 95 54 162 94 248 255 157 229 240 237 115 205 137 190 35 145 141 120 35 86 42 103 170 119 38 139 25 132 186 115 159 43 236 95 57 21 59 197 53 215 219 142 144 183 18 120 151 100 222

S-box 29:
189 185 234 37 96 64 94 182 101 89 21 149 43 218 220 103 233 185 194 232 47 127 215 100 71 185 197 213 219 66 73 58 199 52 29 17 183 153 83 231 230 204 119 34 41 186 200 189 80 187 72 44 129 2 223 69 200 146 223 61 226 3 80 131 221 71 61 13 73 131 27 242 44 117 240 199 200 48 105 121 167 202 167 90 149 235 138 176 235 157 37 167 182 240 9 30 193 252 56 162 80 220 235 87 188 26 74 180 5 67 159 15 188 114 250 77 51 12 28 202 148 85 66 72 32 173 47 118 0 34 154 68 57 92 1 168 150 193 13 92 116 120 254 236 238 20 142 5 107 58 25 233 119 170 140 214 118 130 186 46 5 238 159 9 96 12 148 47 130 112 134 188 183 173 137 239 119 81 225 163 145 218 152 68 213 119 187 63 85 18 62 129 31 137 197 171 131 138 11 167 165 253 204 250 88 81 148 211 229 58 133 41 135 255 146 232 162 153 131 204 214 244 13 20 193 205 98 115 89 65 101 143 33 53 5 139 129 148 251 68 195 66 166 119 178 57 68 232 135 93 69 161 234 13 68 57

S-box 30:
203 178 43 130 248 135 246 53 195 144 175 84 216 8 83 90 109 14 190 108 78 197 199 189 120 41 231 98 218 66 28 130 26 198 112 121 152 213 182 54 232 27 49 147 99 195 66 152 244 1 86 47 198 175 47 240 170 33 247 202 138 238 217 234 248 104 152 64 106 178 64 62 182 138 52 239 23 146 122 189 193 175 126 217 151 153 144 134 32 227 207 145 248 205 21 154 143 152 66 46 251 98 196 154 69 163 141 194 208 55 97 83 21 162 99 24 242 154 145 37 216 67 18 209 110 45 164 215 96 99 2 20 182 61 157 178 121 69 185 202 134 82 187 86 45 78 18 75 12 96 185 250 168 77 8 195 56 24 133 26 150 132 84 174 15 224 145 140 171 241 205 172 92 204 110 6 102 22 136 209 52 139 38 213 0 178 9 230 34 222 223 57 117 241 98 62 106 91 60 56 175 90 110 149 250 183 228 65 27 248 98 105 218 159 120 228 248 123 149 91 218 83 176 18 214 35 219 238 178 150 196 58 155 232 84 150 112 38 5 36 4 37 211 4 252 217 215 120 188 243 222 103 148 223 122 162

S-box 31:
38 224 33 62 3 96 240 109 1 192 174 155 116 191 210 4 34 250 169 79 121 76 180 84 226 121 215 94 92 195 107 150 226 96 93 15 225 188 12 73 147 98 207 246 134 176 170 130 176 25 97 9 18 163 228 26 202 18 93 228 41 67 104 152 9 87 62 4 172 196 115 107 232 57 26 142 223 109 104 123 78 187 221 134 228 253 129 114 30 59 86 110 115 24 56 151 174 83 254 231 145 76 241 100 71 58 183 64 191 78 167 53 25 97 243 243 228 211 51 111 194 144 18 51 154 6 149 70 161 116 213 185 110 6 248 22 165 5 23 52 207 4 211 98 227 128 75 244 143 241 163 239 92 23 125 166 109 3 75 131 152 99 229 145 176 77 178 19 210 147 107 213 133 156 227 131 36 6 235 3 29 203 35 140 69 163 120 227 20 243 202 47 220 95 50 164 116 190 70 94 150 194 89 192 238 39 134 70 199 17 204 197 223 222 254 23 181 54 243 130 145 95 190 129 211 27 61 99 192 26 131 95 192 15 229 150 244 241 195 85 150 105 56 245 215 175 66 193 204 169 79 155 7 134 181 58

S-box 32:
226 14 50 68 202 20 107 241 4 248 234 177 216 188 70 242 250 179 131 58 191 106 9 133 16 80 115 52 111 169 8 30 95 146 231 240 151 184 103 24 254 169 72 165 160 101 14 105 238 127 156 225 2 126 6 84 128 208 247 246 75 63 196 92 242 78 254 234 17 54 234 154 225 230 111 77 183 105 206 108 87 180 113 242 35 51 156 82 220 68 171 169 120 229 102 53 185 55 116 213 220 157 159 245 131 110 46 178 128 48 64 242 249 108 235 118 16 195 143 212 85 36 101 238 115 125 211 127 199 175 170 40 246 220 34 199 151 219 40 67 98 10 98 194 236 187 104 160 251 116 107 73 219 66 118 167 205 214 58 8 200 151 172 14 93 231 2 172 131 43 77 128 248 74 47 198 28 231 229 0 96 165 52 115 81 200 99 185 49 105 100 141 174 56 98 99 87 12 214 63 42 223 164 107 97 103 249 160 157 173 58 131 190 239 48 224 78 179 119 228 126 9 41 240 105 212 235 104 254 2 95 40 236 241 136 208 241 187 91 100 81 183 89 147 86 54 65 79 143 77 152 67 64 26 163 172

S-box 33:
101 72 31 224 142 140 60 253 105 120 150 162 155 96 231 80 25 199 4 43 194 94 129 238 138 186 68 69 26 246 113 148 251 56 227 228 160 40 56 206 14 0 58 240 24 109 106 33 194 239 77 57 137 161 249 207 39 22 26 206 10 251 201 101 116 124 15 129 40 99 31 85 101 168 141 90 167 111 167 252 188 92 188 11 163 187 44 4 9 77 111 145 67 203 45 229 71 181 216 73 131 13 54 241 95 174 237 255 72 98 248 162 167 166 100 74 165 79 246 90 165 106 116 86 20 212 25 213 75 61 75 134 7 81 61 195 71 189 89 85 225 5 39 250 198 63 62 111 76 10 226 249 220 64 78 230 42 68 89 197 69 196 212 192 10 132 119 241 44 180 233 10 183 147 183 107 170 102 104 187 37 170 53 104 159 220 84 33 122 213 151 207 147 158 114 150 5 132 212 4 105 91 202 78 192 96 202 13 235 240 87 179 144 180 6 2 23 195 158 167 60 115 40 81 138 151 236 98 171 150 211 108 129 85 249 89 96 250 41 208 90 117 171 44 248 114 81 211 151 18 134 95 96 12 6 118

S-box 34:
139 87 138 36 137 162 104 242 18 253 219 122 112 244 108 68 205 177 52 109 141 158 69 53 234 86 225 42 72 115 179 254 252 17 130 84 247 22 116 146 28 174 129 92 73 9 171 199 212 42 214 9 49 15 255 130 192 42 166 145 0 3 141 141 9 170 41 107 20 155 198 57 195 1 134 172 136 49 29 213 70 106 157 233 83 197 250 11 213 241 162 37 35 185 85 50 22 20 181 133 181 251 237 192 11 221 154 242 33 11 149 249 144 60 172 203 179 165 3 55 29 136 68 246 48 85 230 231 52 126 139 173 166 148 43 215 137 0 252 31 162 73 13 197 59 48 185 130 179 100 38 5 227 191 60 148 41 167 145 3 68 45 54 45 211 248 180 218 228 13 237 44 247 18 223 221 144 150 97 147 78 196 124 49 95 164 112 129 89 99 66 43 240 53 125 41 248 143 195 98 49 64 210 93 69 118 128 33 163 112 115 196 236 237 61 202 66 66 113 166 183 7 78 254 207 210 71 175 245 125 58 33 192 57 160 199 203 158 202 190 105 175 34 52 202 23 136 140 246 150 14 126 250 234 80 93

S-box 35:
171 88 33 213 171 59 32 162 32 118 183 75 227 140 237 108 70 186 251 247 181 17 74 65 71 102 241 159 101 103 135 172 180 224 4 30 200 235 186 124 172 78 47 172 23 43 78 203 162 148 244 228 235 41 3 103 163 183 96 224 183 235 223 81 73 101 234 115 211 246 79 247 68 7 221 25 164 75 199 63 254 151 236 175 112 62 190 247 197 235 83 11 87 241 79 108 215 65 61 43 240 167 30 132 73 240 100 194 128 113 151 66 137 202 51 238 236 46 226 79 239 78 163 180 47 160 42 101 41 7 214 109 194 155 232 70 88 240 182 200 11 114 156 164 141 183 214 109 26 160 74 202 152 12 239 218 192 190 134 136 14 209 86 50 153 163 180 78 156 146 219 214 40 24 239 172 69 88 100 32 196 35 120 135 50 138 152 222 113 220 41 134 251 36 55 23 48 230 132 234 97 193 140 71 71 32 78 58 155 216 71 198 201 149 166 136 150 20 135 111 122 108 114 134 98 105 183 38 104 243 198 194 128 95 116 59 183 92 242 103 87 104 31 40 32 7 86 114 36 34 99 40 126 236 160 178

S-box 36:
192 196 60 242 31 122 129 208 207 161 228 124 155 226 67 245 4 13 85 227 53 139 60 138 34 252 40 148 163 19 149 175 78 189 114 8 103 246 43 133 251 89 146 68 117 43 158 196 109 239 121 113 73 236 154 90 81 166 214 86 188 180 163 177 55 113 116 12 172 48 177 228 163 206 247 142 232 211 139 80 63 130 71 7 3 214 165 83 189 146 97 119 132 91 205 144 233 118 75 225 220 82 132 229 228 110 78 226 174 173 235 37 125 97 51 8 235 115 10 56 126 174 105 204 117 79 168 143 70 194 56 144 104 55 136 53 158 165 180 62 251 5 225 34 79 237 145 121 172 152 105 14 204 207 154 190 223 185 174 106 117 40 32 72 243 48 49 35 192 78 212 16 23 196 162 44 228 106 141 74 94 174 103 175 191 157 198 81 16 208 72 183 47 146 144 209 88 28 163 7 34 40 6 106 59 218 247 49 163 111 115 141 21 32 16 51 104 66 45 142 238 11 42 239 68 99 81 135 175 200 93 169 129 204 203 45 66 91 65 41 248 31 74 61 242 86 250 232 106 55 98 29 135 47 0 66

S-box 37:
31 199 220 138 49 47 37 60 154 60 112 255 22 3 197 82 34 156 105 41 251 72 214 85 199 213 143 37 134 201 235 188 206 162 81 254 184 106 39 235 179 42 60 231 247 47 39 102 225 49 113 133 124 16 35 224 105 126 72 124 225 95 178 178 214 129 244 139 143 42 251 124 189 79 50 227 77 80 152 109 231 94 241 149 198 8 36 62 117 247 139 247 230 173 169 159 147 175 162 104 120 36 118 62 171 215 154 14 99 165 153 228 83 14 3 125 213 23 157 68 125 74 207 116 66 79 111 26 230 42 228 22 15 59 175 2 207 252 136 255 148 46 98 104 32 164 39 197 171 12 186 92 146 18 196 42 89 32 183 203 175 112 126 68 186 139 184 40 16 105 75 140 234 77 134 250 78 39 224 118 144 156 132 69 112 86 145 36 140 68 212 43 61 53 56 239 163 40 47 83 41 206 37 196 234 68 203 247 189 25 24 210 143 91 93 2 78 174 216 132 112 185 61 241 123 44 136 84 127 236 36 140 111 111 58 161 101 219 51 72 214 84 216 13 48 203 139 40 253 53 208 155 217 234 68 183

S-box 38:
136 219 45 59 59 139 216 6 124 85 0 1 208 94 189 157 0 132 49 254 255 139 173 218 225 255 166 6 217 103 170 95 82 206 51 188 159 242 133 246 117 59 225 152 231 246 125 102 39 44 108 137 155 25 32 25 25 251 45 61 20 49 254 130 178 235 203 150 209 244 224 63 82 230 33 112 177 192 24 125 26 75 18 32 100 110 193 122 158 134 160 152 3 246 156 189 168 30 39 12 35 105 174 34 18 226 135 206 131 149 56 17 99 85 211 67 42 94 165 30 39 92 64 16 125 49 126 17 86 169 157 140 13 69 239 119 196 222 249 81 92 153 71 170 149 22 16 249 179 231 85 122 154 195 66 101 90 82 253 148 13 134 66 74 24 13 167 205 59 69 143 37 107 232 197 125 39 129 3 243 54 149 254 180 255 189 184 202 151 30 34 171 132 15 117 208 246 240 173 161 199 29 169 45 122 146 128 233 163 247 252 150 32 93 137 84 58 149 159 55 60 254 118 203 93 242 65 83 9 157 219 172 8 123 203 71 225 116 189 83 251 241 89 75 34 71 99 11 135 94 95 19 206 13 138 24

S-box 39:
6 65 143 151 31 197 47 127 171 19 54 249 22 118 67 103 40 165 249 170 205 221 123 16 77 221 32 220 10 184 230 135 218 99 227 88 209 209 89 224 39 149 56 81 238 132 205 143 98 139 146 85 109 178 198 151 129 49 3 232 64 28 60 92 52 103 93 82 159 208 44 251 229 112 81 121 252 160 243 44 118 221 183 96 106 75 71 81 67 92 255 41 240 65 58 75 69 154 195 61 106 51 57 197 92 127 155 75 68 96 81 156 249 27 110 29 127 191 45 94 46 127 174 47 219 119 56 138 62 200 61 211 183 53 171 29 148 99 245 125 193 247 5 11 30 242 187 218 202 182 182 21 208 133 27 184 40 36 76 143 202 137 172 173 161 143 177 43 88 136 173 179 128 216 182 10 101 145 79 68 221 84 11 49 255 154 228 166 138 8 224 58 183 251 61 197 202 16 34 46 218 219 40 99 20 191 98 148 219 233 2 196 150 213 42 91 182 57 155 22 246 78 105 66 93 179 130 184 232 158 254 100 143 89 22 253 255 144 4 165 183 18 11 88 203 143 94 190 10 205 183 249 20 68 193 242

S-box 40:
238 227 129 18 174 92 4 244 237 21 12 135 67 87 47 117 165 222 162 198 216 6 236 8 35 28 135 103 133 1 158 212 20 4 64 227 190 70 77 8 13 77 157 232 129 12 155 16 187 187 226 22 255 77 17 184 215 40 68 247 102 130 170 88 89 186 48 255 230 156 225 205 133 103 136 112 237 158 27 107 201 85 124 32 15 19 177 235 176 108 179 168 45 228 79 108 123 68 174 32 148 70 124 112 25 35 158 153 176 242 1 115 106 125 33 147 22 14 212 104 119 11 182 207 159 13 52 184 174 196 173 20 89 97 192 112 29 12 74 19 98 83 86 33 50 126 73 14 53 232 118 172 220 228 251 98 42 143 110 124 149 158 17 53 37 115 151 205 198 61 170 36 30 35 221 81 31 18 172 130 0 61 167 128 12 254 171 206 165 193 16 228 24 131 213 24 150 88 181 63 189 85 253 73 65 162 118 254 36 194 142 160 222 145 170 195 172 50 241 3 253 200 234 218 33 142 5 236 203 193 0 28 131 190 74 165 231 173 168 35 149 51 194 138 164 244 100 161 102 91 74 199 152 94 246 206

S-box 41:
70 143 223 200 99 172 121 68 96 144 20 158 80 204 251 2 105 247 55 5 46 192 246 53 240 131 207 159 198 69 85 56 12 66 67 41 59 135 123 98 106 222 249 207 152 173 45 60 186 224 70 127 147 168 67 244 59 87 20 116 48 231 141 238 100 25 166 5 86 188 221 62 148 195 0 79 243 185 129 163 124 86 139 94 103 80 59 29 20 232 93 171 58 43 29 251 221 120 181 159 65 147 187 123 180 11 150 176 77 234 220 144 34 177 99 168 147 205 228 177 250 136 248 14 221 164 131 219 206 253 72 138 140 107 232 236 175 225 104 51 89 238 230 18 85 140 192 255 236 40 145 180 15 105 7 218 203 223 192 41 89 252 144 233 80 173 90 208 81 143 80 5 202 49 114 82 248 91 230 137 175 14 166 60 102 103 203 34 97 137 85 16 85 249 87 56 36 79 252 163 117 104 239 68 76 238 128 55 251 29 47 29 182 201 200 154 223 50 196 40 49 168 9 161 22 99 115 144 34 207 193 139 162 7 104 137 43 116 66 57 9 81 53 189 47 218 245 199 241 209 79 69 72 80 6 28

S-box 42:
40 92 115 43 14 236 213 109 255 125 189 230 112 20 147 14 11 5 223 147 228 17 25 21 53 253 173 31 12 220 248 21 38 55 216 166 95 83 218 41 214 234 238 18 187 114 127 208 234 169 147 229 14 194 187 20 61 37 59 11 19 132 240 2 129 65 246 77 64 217 161 70 115 121 234 32 104 107 74 37 144 143 106 105 24 150 225 131 122 143 92 116 249 204 32 246 49 2 171 119 205 121 188 86 191 95 249 202 74 157 188 9 221 131 123 78 223 42 187 242 61 67 106 64 172 107 70 188 130 92 17 245 98 249 57 147 254 58 234 150 41 221 61 255 119 81 87 111 193 25 97 107 46 93 207 202 115 244 1 151 246 52 243 242 43 241 88 150 234 191 231 26 166 24 213 89 123 35 125 107 222 121 183 70 42 3 165 7 83 40 177 109 202 223 220 55 236 249 44 122 103 92 246 223 225 69 87 245 79 22 151 125 16 118 57 40 79 152 17 22 147 199 10 154 138 251 148 200 87 243 28 198 110 191 84 27 81 237 235 235 133 143 153 4 202 145 92 188 57 86 205 225 7 12 213 33

S-box 43:
149 196 161 179 88 13 137 73 214 183 22 19 213 192 1 29 47 175 171 166 214 213 54 225 34 139 235 36 223 184 74 131 181 58 81 54 135 70 184 166 0 3 13 33 235 35 149 156 199 105 47 75 194 169 118 113 3 142 152 139 94 100 203 18 198 75 181 70 215 178 116 16 92 232 121 56 101 22 149 205 238 80 85 80 60 105 5 107 156 200 15 219 16 44 191 121 29 95 81 166 252 82 182 18 79 55 172 204 46 203 104 187 75 141 2 226 154 143 175 45 82 6 92 89 234 233 253 134 223 195 161 246 136 40 177 159 76 117 114 249 198 211 128 82 131 174 52 76 137 11 141 146 31 199 212 58 0 225 196 192 238 193 60 1 7 139 30 117 144 217 50 231 74 102 119 40 231 236 150 120 228 59 218 14 88 55 155 242 11 21 191 255 48 43 69 202 110 61 249 44 67 1 35 68 251 228 86 224 89 92 32 73 147 168 48 164 104 159 94 112 230 168 172 177 146 70 80 234 132 27 48 60 96 82 107 83 179 51 185 126 37 73 183 47 116 127 232 208 252 168 153 32 115 24 215 232

S-box 44:
166 75 152 4 7 213 60 228 211 143 215 147 121 204 147 82 165 239 253 135 21 230 199 96 159 55 142 74 139 161 187 45 190 138 208 164 240 73 137 121 216 144 181 3 115 145 175 58 232 169 160 176 136 42 233 90 8 57 69 46 206 58 42 31 100 250 179 154 21 124 45 30 140 123 101 153 116 103 214 247 221 156 246 118 38 99 106 53 0 106 205 142 210 205 168 174 59 225 94 198 124 69 7 186 67 179 86 17 234 71 250 122 164 154 103 44 33 56 161 48 170 210 95 8 114 47 113 62 49 183 46 15 52 107 81 144 203 58 151 141 252 136 31 187 55 138 125 3 248 65 151 57 163 91 206 232 160 249 245 155 191 9 224 24 39 202 126 59 151 168 164 1 199 197 101 16 31 246 195 134 157 176 157 144 244 75 109 61 61 132 89 160 135 37 20 135 75 65 32 166 67 17 110 248 136 237 225 213 94 14 254 215 45 2 249 158 81 104 156 28 112 0 38 24 213 59 92 67 169 207 75 168 223 103 132 247 149 168 89 115 176 98 119 100 6 90 202 168 91 237 130 242 238 193 185 118

S-box 45:
13 47 67 58 241 216 11 190 57 248 31 66 64 215 98 157 97 82 194 227 196 233 209 255 51 88 207 220 126 184 84 42 204 251 77 162 252 222 43 14 91 255 69 22 0 55 206 215 141 128 134 150 105 10 1 133 218 19 175 184 139 137 211 248 200 246 107 62 43 88 198 143 62 80 52 93 57 40 186 86 4 135 90 38 141 71 247 171 35 237 231 234 96 10 35 175 146 62 255 124 168 246 129 227 125 59 107 67 76 52 68 8 94 182 45 249 192 109 224 22 124 135 118 59 14 53 237 234 54 126 19 133 82 202 50 251 222 160 163 134 223 72 22 11 40 210 82 194 31 0 140 118 231 109 229 252 229 27 28 232 115 99 99 147 55 16 181 28 199 228 198 84 229 126 248 62 242 232 50 156 100 72 184 219 182 163 178 51 117 162 41 233 183 131 53 132 204 166 8 28 35 185 128 83 90 238 134 111 83 206 17 162 91 255 154 228 178 207 52 238 244 148 226 79 179 240 37 241 40 224 139 208 233 233 207 179 122 159 111 158 1 41 244 253 70 202 201 182 122 5 122 92 82 48 189 114

S-box 46:
41 89 203 135 24 143 231 204 88 22 149 15 109 137 121 202 228 130 200 153 153 229 77 174 177 84 18 99 237 223 165 152 208 81 11 198 161 159 140 128 133 8 177 107 138 75 193 24 141 9 228 79 26 92 4 167 16 175 183 114 185 56 1 198 229 232 193 44 243 46 212 47 195 204 101 207 44 189 71 119 251 4 189 239 94 78 157 254 115 67 20 124 155 110 114 168 109 7 241 123 195 250 156 183 79 120 48 161 136 129 122 234 249 230 143 177 131 58 14 44 139 146 135 12 191 193 13 86 67 88 198 82 8 194 224 116 145 116 17 135 167 161 196 33 50 179 10 169 198 126 68 33 167 16 159 57 170 87 230 132 36 16 243 221 216 237 130 26 4 254 247 30 161 209 139 245 219 218 45 104 187 97 154 254 29 12 184 40 210 43 228 187 232 246 188 206 205 107 11 129 34 19 224 219 76 155 196 240 175 140 252 250 62 246 50 113 212 233 64 71 122 243 81 168 136 89 113 193 120 86 109 253 157 173 105 55 158 24 25 135 20 43 243 197 108 102 10 205 191 49 93 251 2 117 201 152

S-box 47:
88 253 21 232 30 86 111 146 87 219 16 206 59 100 97 55 30 126 224 91 24 18 40 89 97 230 113 220 101 76 230 128 212 220 68 177 66 111 115 156 151 253 174 15 9 203 198 25 248 0 170 99 138 199 77 70 27 138 30 26 170 134 166 215 150 186 64 61 7 70 173 83 148 11 175 208 196 98 146 32 149 3 76 250 175 200 232 87 170 198 125 0 97 23 71 155 135 216 104 116 169 145 2 251 37 62 129 80 137 81 85 125 81 136 129 143 5 7 165 116 123 147 34 223 49 51 73 199 120 42 62 145 171 129 248 141 200 137 18 107 143 63 7 66 198 69 92 15 50 238 16 79 78 112 130 129 126 158 192 27 155 73 70 5 130 112 41 124 56 222 4 7 197 40 14 12 214 206 13 133 192 35 186 128 66 43 130 168 120 55 120 241 142 183 209 188 34 73 55 151 255 183 86 123 39 222 31 173 247 6 75 14 37 244 58 178 191 144 114 96 65 28 49 80 22 252 12 56 75 245 147 136 92 215 116 175 86 65 39 54 158 25 158 162 29 85 193 112 32 235 12 155 205 142 181 168

S-box 48:
126 222 24 166 126 34 19 97 26 0 55 225 3 207 215 204 0 201 154 173 176 73 4 190 2 71 217 44 215 223 14 239 222 8 188 185 145 82 32 109 148 157 199 148 220 134 30 129 237 231 142 132 79 61 40 31 61 223 134 187 94 1 55 57 161 13 145 52 89 167 3 203 7 50 73 96 194 132 169 83 45 236 217 106 193 250 167 1 127 244 192 228 61 136 47 115 39 105 130 98 51 118 196 93 64 241 8 195 255 94 0 223 252 86 219 79 78 118 199 208 17 104 66 165 114 159 129 106 189 117 252 112 104 235 175 110 225 158 205 186 191 120 70 90 140 107 95 28 233 23 154 199 18 245 185 189 101 69 80 23 86 35 123 198 167 220 245 233 96 235 236 212 131 139 18 187 251 185 53 156 131 7 218 32 199 179 16 38 23 121 104 42 110 169 91 148 124 147 75 248 186 46 1 40 25 11 96 114 203 191 210 5 47 184 237 194 133 107 58 199 46 244 122 156 95 138 91 74 241 72 247 15 162 244 30 81 93 161 28 139 158 161 241 168 222 110 87 253 30 106 200 81 215 168 242 19

S-box 49:
194 156 133 32 158 215 253 148 180 198 174 163 198 151 82 250 135 16 171 211 109 10 111 105 165 223 207 17 97 179 169 130 147 44 245 139 31 148 53 198 200 162 59 84 234 105 86 0 214 225 221 173 56 120 19 169 29 149 227 11 240 74 126 148 16 143 123 98 68 154 253 103 116 126 56 81 158 195 206 78 178 29 204 137 108 145 91 181 122 135 36 161 158 207 16 94 239 110 121 204 23 162 177 234 89 162 234 167 183 53 89 167 73 16 219 26 19 104 23 207 224 152 186 71 222 16 53 59 5 22 198 214 104 91 228 247 211 78 241 239 138 104 160 115 213 150 246 127 66 157 76 142 182 80 0 77 98 133 189 46 229 50 50 175 0 12 6 156 27 213 22 169 30 117 154 86 195 206 189 55 191 252 211 123 229 224 72 32 200 195 244 41 139 92 221 164 129 139 111 145 210 144 138 217 86 201 64 189 67 248 79 231 149 64 135 228 4 118 165 76 42 175 200 148 171 146 185 212 184 190 127 59 203 44 162 151 236 98 254 61 5 0 46 33 99 219 114 79 108 167 114 121 127 141 199 223

S-box 50:
118 152 183 127 220 61 161 13 219 100 228 171 160 47 131 3 239 252 12 35 153 157 150 170 152 48 248 41 135 230 181 255 48 13 223 161 150 21 167 191 85 177 227 208 61 25 26 83 28 208 218 129 95 194 193 181 97 153 229 152 208 26 140 137 36 16 206 186 27 70 166 26 38 241 112 194 247 220 2 249 185 248 84 142 197 85 159 35 106 185 113 127 238 154 115 140 78 79 86 39 160 150 77 11 160 67 149 162 47 224 195 184 218 242 98 86 18 129 255 15 182 201 162 11 241 237 106 206 156 198 39 95 185 254 93 231 52 75 184 195 254 222 125 173 83 97 205 249 170 188 122 105 139 42 95 148 61 8 44 20 25 95 124 142 255 104 49 41 38 56 233 99 170 150 121 220 71 9 37 75 191 243 72 77 120 167 38 36 208 248 181 191 160 7 205 42 20 238 176 7 123 149 0 206 102 147 123 186 205 194 51 206 49 237 21 149 108 7 185 132 192 101 186 11 21 208 52 193 180 46 151 21 200 225 233 173 91 160 219 163 117 127 104 166 15 3 240 64 96 196 255 34 139 6 156 91

S-box 51:
132 67 247 10 27 109 112 62 39 221 52 168 112 148 102 206 45 253 21 212 213 48 55 245 96 27 228 194 31 77 150 83 136 117 121 184 200 222 145 62 162 218 75 137 2 234 151 252 12 31 124 176 139 117 58 4 252 111 178 62 61 57 91 13 205 7 137 222 135 17 185 225 141 246 101 225 110 29 25 224 89 87 67 159 11 30 94 91 170 122 162 210 43 93 8 143 250 187 140 196 161 59 241 191 76 203 23 186 69 228 44 68 54 99 19 137 225 109 21 55 182 15 196 51 208 174 12 231 172 106 164 157 196 23 217 46 73 40 55 164 39 246 170 11 139 51 212 32 50 173 25 202 195 40 149 93 146 137 34 85 156 255 204 187 66 18 107 246 48 99 228 141 96 97 173 136 225 33 65 17 25 86 207 13 82 108 95 62 211 240 184 61 230 83 162 231 65 82 209 141 105 53 36 91 96 113 120 241 164 206 122 19 201 52 83 105 91 71 128 5 221 156 98 221 73 253 164 246 250 31 186 115 7 203 4 248 249 100 139 125 101 75 150 30 221 154 79 201 90 50 232 144 153 242 80 47

S-box 52:
130 37 214 132 94 3 167 32 58 238 55 119 208 81 109 211 196 6 131 163 102 210 14 92 172 45 92 189 158 166 232 88 115 149 86 79 69 95 64 192 99 93 250 188 170 32 217 136 202 143 43 200 148 8 197 20 115 76 12 189 27 57 32 43 168 176 131 8 132 228 85 131 165 11 243 142 195 25 177 96 204 152 18 205 133 255 69 112 205 165 25 22 131 194 183 60 81 3 49 127 84 243 34 31 97 146 117 53 167 129 109 254 142 19 51 64 227 77 205 255 241 35 129 14 95 248 203 19 68 249 172 107 172 117 112 64 238 206 69 155 183 251 15 11 44 152 231 201 186 67 134 218 111 223 170 28 132 222 208 204 213 116 171 176 248 51 59 220 216 103 174 95 72 33 220 160 20 159 159 148 133 85 202 232 87 250 45 34 90 116 234 191 226 185 209 131 8 55 240 199 109 4 248 255 149 227 44 74 189 213 249 226 1 7 183 195 194 158 45 119 23 25 78 247 228 172 136 99 212 123 251 208 99 82 88 243 67 9 56 169 102 120 232 87 143 189 105 68 14 227 43 23 221 167 6 58

S-box 53:
123 76 102 51 82 192 21 75 16 90 71 252 172 46 54 225 102 141 144 129 129 173 231 158 169 4 210 46 131 155 212 255 198 21 255 253 227 79 124 18 78 163 38 111 160 41 189 23 52 121 247 37 111 124 94 102 13 212 143 174 208 182 85 113 225 112 22 237 189 19 90 92 118 229 62 13 222 33 117 50 138 89 252 115 26 31 15 233 5 21 191 12 205 254 208 145 153 69 25 139 205 200 228 77 166 55 108 101 241 233 33 159 252 8 221 254 229 143 67 148 141 24 21 78 68 164 173 130 105 187 8 228 153 213 198 178 211 135 135 105 122 187 174 223 180 250 49 208 179 178 23 215 236 178 220 38 115 25 68 11 24 30 185 146 103 134 3 253 249 98 145 135 178 221 79 92 203 47 124 132 220 121 197 125 150 59 13 232 116 47 158 202 196 115 77 160 9 194 114 220 72 66 255 1 129 170 11 184 56 197 115 156 125 221 207 219 152 175 165 225 172 246 227 247 186 47 153 184 93 122 86 107 11 119 40 176 118 236 237 240 37 156 250 76 118 54 85 45 205 74 183 4 238 107 236 130

S-box 54:
201 208 68 38 113 68 199 229 153 242 255 252 77 199 230 67 157 61 81 212 31 14 49 49 93 21 29 174 157 55 242 160 142 107 240 165 166 103 163 75 146 149 188 17 68 70 59 174 138 78 75 115 229 225 97 151 1 127 157 202 52 254 168 101 83 57 158 67 62 124 185 45 125 107 23 178 68 130 206 45 8 34 63 158 93 95 50 42 76 59 71 20 165 254 133 225 84 120 6 127 255 142 11 108 251 139 111 142 62 198 137 237 209 80 128 56 86 32 192 52 46 208 179 223 70 134 227 244 228 60 185 55 14 103 88 134 98 250 113 199 126 58 141 133 38 24 91 254 141 25 85 229 7 109 162 86 89 201 251 204 247 120 124 201 61 0 153 92 45 14 102 154 106 141 93 189 147 99 98 83 218 152 66 89 36 23 123 159 48 33 182 178 134 168 25 222 55 108 169 85 114 59 56 118 56 130 191 150 162 204 18 173 210 89 49 42 151 203 49 174 158 159 148 96 201 66 40 11 141 29 32 77 248 129 10 203 223 121 186 46 102 78 184 24 192 121 84 162 50 82 195 2 183 118 29 246

S-box 55:
120 220 149 163 58 198 162 46 117 7 162 126 208 176 119 7 44 221 58 170 180 107 71 36 79 124 210 81 156 72 131 212 81 161 55 48 208 171 72 101 148 178 102 124 143 132 234 178 213 181 167 118 82 174 105 113 62 69 46 201 241 245 139 208 241 83 111 108 115 250 201 124 104 65 74 183 198 44 57 236 30 181 64 238 120 104 253 131 35 93 62 156 0 60 51 160 232 154 151 70 173 199 176 82 231 205 123 55 62 236 168 142 84 209 80 101 214 153 222 3 245 57 220 11 48 190 16 169 241 96 45 128 227 162 130 45 158 95 96 242 169 191 71 45 240 125 116 142 97 75 249 117 197 192 25 8 83 143 132 139 141 36 215 182 32 248 109 128 225 110 181 62 118 160 15 60 28 219 19 248 173 142 235 19 249 158 53 72 59 203 14 146 120 238 182 160 213 205 47 17 66 198 129 118 4 192 162 3 211 188 53 88 88 133 128 82 226 131 253 11 73 200 35 172 36 16 95 11 237 198 181 122 133 63 39 17 204 186 131 85 80 166 83 240 14 100 131 170 112 77 240 251 140 95 62 165

S-box 56:
147 77 218 78 96 75 86 60 106 211 253 181 209 0 164 84 162 200 228 214 139 48 44 108 115 37 9 218 196 19 42 68 217 144 196 23 168 235 6 193 208 18 57 184 93 97 7 0 231 106 89 159 163 124 40 134 207 23 224 81 75 248 88 129 154 253 242 124 182 64 143 74 222 239 21 216 19 219 242 64 252 185 218 118 214 222 166 163 176 111 233 178 91 28 145 219 10 66 123 182 8 135 236 196 18 183 138 23 73 187 84 227 204 85 187 50 98 55 253 176 204 210 128 172 251 148 37 49 24 71 70 132 217 158 153 36 225 174 211 82 125 51 40 210 200 126 86 6 99 131 209 5 167 171 208 225 227 74 14 123 228 132 117 6 226 115 84 80 207 247 35 233 151 21 191 20 39 169 248 196 203 219 214 190 97 218 66 149 125 78 57 81 192 52 110 152 110 87 20 115 180 253 218 49 187 68 133 230 174 65 101 176 21 171 144 42 163 43 62 160 131 25 141 216 203 245 62 236 158 108 169 189 142 178 215 22 39 140 62 179 185 225 129 43 51 96 109 60 236 165 226 114 34 189 253 190

S-box 57:
42 251 85 131 66 197 54 40 218 209 189 49 45 126 205 32 224 32 25 222 108 112 62 69 72 206 31 96 179 173 195 63 58 27 145 80 48 106 122 39 31 62 133 92 185 204 167 134 225 146 66 83 124 30 189 88 5 217 172 6 71 144 74 29 98 125 2 141 29 40 229 122 252 39 245 16 58 91 98 88 234 54 142 91 95 129 181 252 221 218 51 127 37 166 170 183 146 131 197 215 162 254 238 209 16 153 35 131 29 169 38 191 84 198 195 100 49 169 65 98 154 217 11 234 93 197 229 19 3 38 217 137 59 37 94 54 24 39 53 160 138 224 136 71 209 4 116 96 208 254 0 50 65 28 183 156 28 234 115 209 106 202 254 210 36 137 203 150 122 204 215 188 31 210 29 185 167 216 223 152 30 253 155 132 67 169 227 184 168 239 69 28 113 55 153 212 220 177 248 3 67 21 72 99 90 243 205 64 200 176 193 11 211 36 125 127 162 215 56 20 98 129 242 13 85 61 237 75 17 132 204 193 52 209 15 121 145 96 118 89 179 79 114 240 134 25 82 248 20 171 140 162 104 200 121 140

S-box 58:
53 245 153 29 215 197 33 111 203 62 45 111 116 248 154 9 242 248 69 207 202 236 243 166 12 182 171 52 42 215 170 13 223 36 235 106 30 28 35 211 227 4 53 197 224 63 245 135 189 109 31 88 47 74 53 168 107 211 84 214 235 172 235 175 213 170 84 120 29 235 170 243 191 250 14 39 182 199 19 124 26 144 44 183 88 113 85 99 32 200 77 61 235 132 147 65 39 245 185 223 190 229 142 27 164 168 149 66 110 113 105 94 126 50 194 53 246 2 68 192 31 163 32 129 156 142 198 229 114 112 225 135 239 66 227 32 19 52 60 240 139 145 156 186 190 58 116 75 56 26 22 107 96 34 192 60 244 104 69 132 36 243 139 165 91 54 38 34 146 170 234 66 121 0 235 188 71 255 84 218 56 50 235 183 12 91 244 204 173 61 50 145 4 137 240 209 204 208 81 249 157 24 192 229 244 173 124 53 143 236 101 233 122 244 80 201 25 241 212 169 124 8 235 124 44 3 127 26 229 46 42 188 211 157 209 111 118 252 98 65 140 35 214 45 195 189 0 103 221 49 22 100 173 99 160 100

S-box 59:
22 144 233 15 221 13 49 155 16 235 22 65 114 39 157 191 162 242 165 73 149 103 101 114 130 194 136 242 147 81 43 208 227 150 85 114 71 57 93 67 35 121 36 48 82 198 30 7 129 45 42 96 244 67 82 23 17 3 85 37 9 224 92 52 58 126 89 66 172 131 142 231 63 51 201 87 218 93 179 141 51 104 4 148 1 143 10 191 26 156 205 232 170 17 168 58 226 40 75 137 167 86 172 54 190 139 119 75 16 4 42 210 161 163 55 227 71 233 222 28 0 97 119 135 195 87 51 9 176 192 69 190 111 220 112 241 240 149 211 196 237 53 124 91 169 167 79 179 29 112 113 20 138 131 222 22 135 30 119 38 89 125 235 33 115 241 87 161 32 180 90 245 238 30 190 38 93 179 118 198 236 137 197 159 95 45 111 207 91 96 71 51 20 182 48 182 91 49 166 140 220 37 9 226 68 254 133 171 87 39 246 234 1 245 142 30 182 164 217 242 195 208 3 0 210 27 235 140 9 103 50 73 65 65 119 42 228 134 67 171 220 78 159 100 146 244 246 81 235 71 16 73 137 152 181 201

S-box 60:
244 46 18 180 136 145 232 107 94 55 231 245 89 159 127 93 204 51 176 249 75 118 75 25 155 121 153 134 19 41 8 184 101 105 107 94 187 59 0 10 227 123 171 201 3 0 10 5 12 20 117 252 63 69 114 64 123 218 111 148 232 160 30 249 201 35 188 95 74 176 60 238 85 82 198 47 240 62 115 92 255 215 240 142 172 183 4 106 228 65 135 26 79 48 2 93 219 71 148 226 215 56 56 72 199 21 208 232 100 236 48 53 51 20 61 97 40 117 161 177 63 10 184 63 183 30 203 239 160 242 86 184 57 95 63 57 116 49 228 119 51 152 173 70 102 8 33 38 48 122 214 63 235 130 82 30 13 103 173 253 183 27 134 11 197 46 117 236 182 58 173 216 108 226 64 62 250 36 116 170 254 243 217 7 125 2 197 205 61 90 149 124 85 147 137 208 105 88 219 108 142 21 155 42 107 12 165 130 220 248 154 184 83 151 81 255 118 112 195 192 2 6 140 56 230 254 184 170 234 6 218 34 230 153 155 203 170 89 76 105 204 201 164 78 151 189 144 173 198 8 49 24 185 157 115 157

S-box 61:
244 140 81 72 68 39 56 26 3 253 228 72 248 57 169 114 137 11 226 67 81 140 120 146 221 195 174 222 199 210 246 103 145 167 92 138 46 3 195 189 233 207 30 120 183 214 42 47 56 150 65 49 157 239 69 247 61 67 199 254 18 106 124 95 187 184 218 24 193 174 129 85 85 219 101 99 137 106 87 52 234 189 25 225 16 114 15 39 8 171 114 137 116 41 248 63 212 122 93 118 182 171 31 93 177 211 4 208 113 222 120 113 115 104 108 188 201 111 155 84 186 126 145 110 86 247 239 123 214 109 59 207 45 110 135 22 69 141 250 93 225 169 76 112 54 211 150 203 64 165 113 220 201 209 166 31 244 8 57 224 183 94 203 116 17 85 29 74 48 45 59 223 161 109 232 17 217 53 18 254 244 77 147 198 199 1 104 61 213 132 198 211 13 64 77 16 189 49 81 100 60 151 247 63 12 230 184 196 136 214 178 213 244 215 96 119 118 62 162 178 97 190 172 156 117 22 104 140 3 15 81 151 143 153 108 237 202 51 47 8 5 102 87 114 51 85 172 101 80 71 101 21 104 131 92 187

S-box 62:
119 44 238 210 35 151 153 85 63 209 166 101 104 31 175 185 245 106 23 155 137 216 124 147 124 189 223 70 51 68 251 237 151 35 44 199 158 80 4 29 50 209 7 30 56 28 28 23 233 110 131 29 166 40 147 46 198 150 183 203 237 79 16 12 221 200 201 228 177 124 160 161 166 234 10 83 96 104 168 221 168 214 175 191 216 224 153 60 247 21 193 71 158 0 86 19 115 236 70 236 86 228 181 156 85 185 155 135 40 39 150 84 123 77 181 21 155 36 240 76 254 119 195 122 74 224 129 93 94 217 154 187 153 249 205 130 75 113 96 74 171 13 120 245 65 215 249 203 227 115 196 27 168 124 24 166 66 166 154 218 115 75 86 29 25 163 121 61 2 222 10 235 143 43 58 15 251 206 212 42 107 89 168 139 204 131 247 126 198 58 183 109 9 66 189 146 209 147 164 214 219 40 138 23 23 234 192 198 135 90 2 204 32 127 47 82 47 212 145 211 101 207 44 196 192 29 246 6 37 206 85 130 93 194 59 252 72 235 185 128 57 135 23 168 220 86 90 107 86 145 149 61 129 242 208 18

S-box 63:
10 214 75 51 147 226 254 135 189 6 100 56 91 102 182 125 53 162 12 172 119 194 93 223 165 184 231 28 168 233 42 139 7 184 112 107 166 156 110 23 0 171 41 14 212 5 174 16 205 153 32 238 79 244 136 36 9 179 25 130 26 128 88 38 39 61 30 234 147 219 231 216 11 47 90 246 150 30 141 176 18 140 171 40 32 177 78 37 207 86 108 196 91 116 39 63 123 223 6 191 71 22 55 41 200 5 120 241 190 31 98 156 130 135 162 9 253 1 142 41 39 181 143 130 235 182 187 73 180 113 79 249 252 115 193 85 135 81 111 9 203 216 159 13 164 2 74 61 99 170 114 22 171 215 68 178 35 57 245 148 143 163 42 185 0 18 75 255 110 171 2 228 38 31 144 185 37 196 183 189 101 159 254 150 43 73 203 209 248 233 190 92 167 81 220 113 107 210 82 88 96 112 232 134 187 131 133 95 67 239 43 251 110 5 225 161 114 186 239 166 243 140 33 18 180 121 40 30 201 24 132 91 121 231 226 164 212 175 80 243 13 213 85 100 159 250 46 146 43 5 204 99 243 232 149 163

S-box 64:
130 74 66 63 45 215 97 58 97 119 139 75 214 51 132 137 213 18 231 192 154 199 65 236 183 10 232 89 197 105 72 87 176 230 172 106 139 42 104 122 108 82 219 238 44 207 242 86 236 161 197 177 198 154 15 160 107 43 88 39 150 35 133 215 103 185 52 199 183 133 118 73 54 225 126 170 82 113 234 90 108 245 74 170 59 91 78 221 154 63 205 160 191 198 49 14 190 150 163 198 196 31 71 54 46 136 144 79 19 147 72 83 232 3 173 123 243 212 159 81 129 82 144 9 84 209 140 186 139 92 134 60 32 136 103 235 90 95 31 84 52 190 30 248 231 104 163 183 97 21 120 118 135 250 9 184 20 97 32 143 92 31 4 88 99 65 255 121 103 242 230 108 183 158 105 48 219 163 19 237 163 255 61 25 244 192 221 36 239 116 158 149 239 17 1 39 63 19 183 205 33 59 235 161 178 185 70 151 185 181 86 30 162 181 74 124 68 42 214 35 201 188 224 150 30 251 147 185 213 81 22 147 119 200 95 144 76 165 6 170 194 216 248 108 32 48 152 158 94 246 148 88 189 222 12 215

S-box 65:
245 182 204 72 118 141 250 232 131 215 195 246 65 152 57 127 19 89 163 170 174 138 230 43 24 176 57 133 149 183 0 89 190 88 139 246 95 22 126 230 173 140 64 115 58 53 223 155 13 28 128 103 9 49 204 24 168 42 216 0 50 9 215 119 55 108 88 174 183 209 161 242 134 240 62 107 180 92 35 112 10 142 21 250 69 159 75 6 42 141 235 49 20 61 71 32 74 53 242 53 97 169 44 115 77 104 48 95 194 2 177 10 247 9 29 219 13 53 3 186 73 52 81 133 16 162 92 211 245 9 23 89 65 144 251 90 59 207 65 55 72 97 179 168 58 24 146 34 158 157 4 143 108 78 203 216 48 146 229 129 72 122 247 25 143 160 95 114 124 147 92 225 169 168 148 21 237 70 49 45 176 174 184 10 71 33 143 2 146 26 26 219 213 76 34 43 113 220 5 236 90 125 39 131 206 158 77 108 202 203 60 98 86 34 17 108 172 178 29 252 41 157 90 43 220 76 55 185 170 156 62 20 243 235 60 41 231 186 251 35 125 29 45 222 139 182 40 222 155 30 247 115 101 106 161 65

S-box 66:
42 131 190 32 183 125 183 253 174 55 1 14 110 130 106 37 133 115 23 230 19 225 96 176 52 83 233 108 107 221 182 21 68 56 143 116 51 30 44 199 93 223 9 222 157 73 225 80 71 211 71 218 115 193 45 127 45 152 0 64 237 77 178 108 237 225 11 28 169 229 78 192 73 93 146 57 242 195 247 234 191 203 45 254 131 247 65 118 53 158 168 20 76 89 28 171 61 190 84 1 114 32 151 210 122 99 53 169 109 26 227 185 231 202 94 245 210 60 210 173 198 245 147 31 161 204 102 122 196 220 57 143 178 24 201 245 40 79 70 106 71 8 201 30 180 34 88 145 214 15 150 169 111 84 183 97 7 111 162 131 65 139 132 215 59 195 96 75 70 84 2 212 63 201 17 165 199 175 64 102 169 249 146 64 118 75 103 52 186 232 220 242 223 61 79 135 148 81 208 120 148 52 152 237 58 27 47 149 228 152 25 186 157 4 135 49 149 120 215 126 39 95 237 15 163 66 225 15 93 200 107 242 137 76 185 184 135 201 242 189 113 213 96 18 19 128 248 115 90 110 25 0 87 94 139 134

S-box 67:
56 141 115 183 181 210 157 159 176 35 79 35 204 63 75 163 91 50 125 45 164 211 42 198 33 52 121 202 189 82 171 242 43 191 180 135 163 147 164 97 125 142 60 59 230 211 167 145 219 247 104 147 233 117 13 175 205 7 105 181 111 117 1 239 145 200 33 93 96 37 85 130 22 1 8 148 211 29 141 72 70 28 190 207 41 161 194 16 135 129 168 67 40 78 149 183 108 211 131 211 212 120 68 132 223 158 99 94 97 90 65 52 59 34 142 19 230 70 87 127 50 143 31 65 43 95 87 246 250 176 40 48 20 213 56 245 20 156 156 141 11 35 249 97 9 136 152 101 217 24 11 247 40 88 97 198 158 124 212 83 144 150 75 27 114 168 115 196 152 8 107 254 141 181 242 114 18 16 231 240 87 52 210 120 83 55 168 164 127 6 173 121 18 26 191 218 190 133 16 207 15 64 210 34 248 251 104 64 243 141 150 160 195 180 109 14 188 194 249 79 133 106 93 123 246 173 107 153 121 220 107 138 149 45 167 220 121 162 220 129 195 195 219 116 15 101 120 216 77 164 209 130 40 135 19 57

S-box 68:
158 213 7 159 166 53 157 225 170 23 197 112 43 194 135 89 46 181 66 55 32 47 156 239 230 241 82 79 252 147 68 184 154 106 154 173 71 82 4 78 43 67 13 42 195 44 192 109 140 37 74 161 12 82 61 53 28 81 20 121 116 3 100 220 13 77 85 204 112 156 221 15 81 57 232 41 122 124 93 172 209 63 106 129 241 171 52 169 235 181 40 2 173 185 250 209 229 66 15 202 124 201 82 201 126 228 183 83 254 191 13 98 12 41 172 183 231 109 178 179 146 14 29 220 118 160 169 39 92 59 247 134 123 16 9 68 199 231 175 253 45 57 94 53 56 200 22 38 221 14 17 108 60 68 121 1 93 69 100 112 245 39 137 24 237 228 77 191 94 27 103 137 44 93 139 76 88 13 167 206 155 143 120 179 7 199 167 40 234 177 44 249 169 142 6 28 46 174 201 160 127 52 125 244 50 150 133 42 143 119 195 249 136 246 15 87 115 82 100 21 57 201 40 128 227 211 60 248 163 58 158 178 157 238 168 240 38 32 102 10 47 209 70 135 102 76 118 246 177 137 79 53 102 95 82 95

S-box 69:
161 147 186 35 67 88 211 47 173 178 27 72 244 72 171 2 103 36 67 188 23 149 250 54 106 5 230 37 82 132 0 92 160 121 95 51 221 227 182 92 95 151 119 60 190 154 113 195 127 24 153 94 162 52 3 203 147 182 17 226 121 140 116 228 53 226 194 83 120 104 232 68 87 5 82 50 52 3 31 238 172 87 139 220 241 243 51 108 48 224 226 94 148 101 202 188 157 233 150 1 7 63 131 105 107 212 127 108 97 175 3 91 234 169 129 48 250 155 94 244 118 47 45 13 45 179 51 131 28 91 237 208 230 187 59 10 30 170 129 230 21 208 2 237 176 172 115 43 129 158 238 229 187 180 204 113 71 43 204 117 211 6 155 105 172 49 56 134 114 122 127 235 73 154 185 176 104 80 224 86 87 188 161 160 202 51 96 79 51 136 177 115 145 60 112 188 218 15 144 75 177 219 4 252 74 75 95 191 49 192 96 77 123 103 219 166 205 210 82 126 169 118 188 123 53 61 38 213 220 200 174 156 44 126 141 114 33 165 97 157 139 167 67 69 167 9 202 100 48 19 88 30 42 94 117 200

S-box 70:
4 34 10 123 109 1 254 16 3 129 95 250 41 230 75 241 94 147 77 84 243 234 198 9 215 230 178 144 51 200 191 150 207 187 50 218 86 57 167 124 188 225 212 86 235 7 251 101 29 208 36 122 167 250 67 27 174 1 20 235 143 24 153 116 45 153 8 41 252 27 70 152 236 17 216 15 225 118 138 7 20 51 165 25 192 15 49 128 211 114 144 203 108 61 109 41 120 247 236 39 15 216 207 249 71 224 227 45 27 1 0 72 36 117 133 138 148 3 1 132 133 164 132 30 201 148 191 84 177 88 253 53 8 49 43 206 151 218 249 13 23 204 119 182 147 120 163 120 190 98 16 201 119 116 162 164 248 251 192 133 193 221 212 125 24 4 81 116 93 149 197 213 158 93 37 255 162 207 55 47 68 70 2 85 247 29 31 72 42 11 137 76 255 166 149 204 252 167 240 69 4 139 238 71 69 92 191 124 97 8 5 250 22 132 118 94 88 86 50 244 117 245 150 223 15 186 208 127 72 122 213 217 49 140 18 33 202 190 190 205 79 126 85 16 247 40 24 49 5 65 194 73 2 146 124 196

S-box 71:
27 38 164 197 13 211 83 205 216 151 196 146 6 99 28 98 115 6 77 225 64 160 238 136 221 108 248 226 50 195 153 161 108 78 38 214 152 40 203 68 50 216 111 70 240 46 5 153 90 9 79 64 21 231 127 54 24 133 1 134 51 100 236 198 126 203 63 60 249 245 208 253 65 92 169 178 250 149 126 3 61 182 36 217 205 68 111 44 61 54 239 16 111 141 255 10 23 111 127 31 42 138 90 214 195 219 209 179 248 96 15 141 219 202 197 158 13 218 100 28 226 223 172 200 247 57 24 122 5 248 132 169 19 55 38 178 10 88 124 55 54 209 155 243 20 19 5 4 127 118 234 145 217 144 132 26 139 125 91 164 120 85 85 164 108 7 153 189 236 39 162 203 151 47 171 79 212 11 144 108 237 143 157 52 90 42 126 240 164 40 93 182 12 158 137 251 52 29 91 11 142 74 46 25 245 146 176 190 250 33 36 160 147 227 159 186 34 63 111 64 128 166 185 47 252 71 80 181 254 236 74 179 227 83 213 109 138 126 134 133 0 179 46 159 181 61 141 222 170 33 154 44 8 149 2 219

S-box 72:
193 71 25 203 212 0 128 67 116 136 243 61 62 86 196 120 243 5 109 28 169 31 123 133 156 250 218 127 92 200 94 213 251 89 33 43 21 12 153 230 25 91 220 127 210 76 210 156 174 51 121 48 94 246 131 122 108 148 1 119 71 57 169 51 76 126 40 146 100 195 59 109 0 126 170 126 42 147 93 1 30 10 181 143 68 144 173 5 114 170 231 168 35 115 87 164 228 222 62 233 223 145 171 88 118 169 201 174 131 115 33 128 193 62 19 58 51 187 18 142 148 132 101 19 48 81 73 81 11 106 200 30 210 21 208 35 17 61 74 75 0 49 39 235 221 152 240 40 190 252 199 124 61 210 214 19 247 227 214 149 239 32 133 127 214 248 87 176 113 246 190 133 183 5 78 85 122 84 254 58 5 133 98 68 119 30 230 195 85 20 78 50 159 92 238 62 170 156 43 151 190 234 228 189 103 8 138 142 86 56 242 220 159 235 142 114 222 50 24 6 121 52 99 246 173 247 219 234 110 185 40 17 239 46 41 85 85 223 156 245 253 200 162 122 185 243 27 24 124 229 135 199 181 211 34 170

S-box 73:
131 138 105 116 57 14 36 211 129 248 200 59 2 112 201 188 90 101 151 135 38 66 232 128 88 25 170 43 63 139 27 69 223 78 44 138 135 29 8 45 210 111 251 40 248 185 38 134 203 60 106 204 195 190 91 120 124 103 149 166 94 112 229 175 192 135 56 64 2 27 213 167 255 206 10 29 36 238 69 209 216 23 53 58 100 118 198 74 57 107 215 146 89 221 7 163 157 240 33 93 145 146 115 179 103 114 215 220 207 97 205 231 22 247 247 52 57 3 70 205 221 248 63 17 113 251 239 195 249 27 209 100 52 56 49 197 70 69 89 68 225 242 153 150 129 170 248 107 51 218 40 245 129 254 242 74 97 14 95 76 82 130 153 237 61 13 42 66 218 62 148 185 123 43 80 224 235 6 236 44 122 83 10 217 229 184 158 238 105 201 132 180 2 155 122 252 245 29 15 13 249 242 134 116 249 218 148 103 175 182 177 188 81 209 198 115 38 43 192 173 120 242 176 68 198 189 172 219 99 191 95 46 176 37 207 44 198 214 0 59 72 202 233 36 46 163 247 25 196 92 76 98 170 110 136 243

S-box 74:
173 11 218 153 3 85 158 223 33 104 28 45 29 101 197 95 151 80 82 111 242 227 196 151 17 36 158 45 80 93 5 80 10 62 89 37 130 2 160 53 156 147 6 157 136 105 250 162 223 230 21 249 196 51 151 121 135 163 177 254 153 42 188 116 146 82 78 131 17 226 239 154 188 231 190 173 27 190 78 89 250 200 51 42 251 44 133 169 209 194 21 31 98 240 61 162 43 106 55 169 38 126 2 64 177 16 65 97 129 39 243 81 15 86 159 248 115 59 217 18 164 119 223 0 233 79 245 62 77 55 167 181 180 34 247 102 37 243 128 179 50 92 139 101 180 2 161 33 206 52 104 40 221 128 22 33 235 208 186 56 138 240 145 16 164 197 52 241 192 73 104 184 134 205 139 2 172 254 187 177 237 150 10 67 233 254 72 121 142 111 255 244 174 188 10 183 153 164 189 156 35 233 44 113 121 196 208 4 24 37 120 98 182 109 227 214 218 40 138 218 39 69 3 89 91 123 34 51 5 204 242 3 152 190 212 1 199 215 204 240 20 24 240 229 153 245 133 15 98 114 91 67 74 98 78 85

S-box 75:
225 72 174 141 32 189 172 53 189 111 173 195 90 123 133 200 96 129 86 222 191 124 230 152 35 81 206 53 12 167 39 81 83 128 51 3 169 149 112 41 241 193 105 31 194 163 143 173 142 44 3 247 98 62 55 221 12 249 201 16 59 169 60 3 230 144 42 70 233 18 169 150 86 250 28 238 54 89 60 200 53 40 255 11 177 98 77 90 174 7 201 244 67 218 10 222 212 29 129 143 114 146 236 79 227 115 149 121 143 152 181 111 216 19 118 64 70 134 223 240 142 125 180 147 134 63 178 8 114 191 127 121 228 79 72 187 207 242 181 121 18 106 211 188 139 156 104 29 248 218 197 223 216 155 182 117 93 205 247 31 112 131 94 145 247 89 128 45 225 41 33 1 135 159 162 17 69 202 80 147 224 227 188 117 61 193 180 32 63 214 117 202 107 45 52 154 120 72 19 183 14 172 95 174 25 200 87 176 232 25 203 75 143 205 117 12 33 240 69 37 96 209 25 133 192 101 121 137 249 238 92 121 220 212 66 24 29 46 224 142 204 50 121 45 214 208 112 32 33 68 18 213 199 25 216 25

S-box 76:
152 209 51 248 66 152 115 186 190 16 58 96 208 48 83 236 52 215 227 56 66 186 253 149 248 63 168 78 111 231 254 97 100 163 215 133 100 218 148 52 42 108 139 104 161 13 184 87 116 89 159 138 120 221 82 46 238 157 239 132 148 98 4 179 169 198 131 193 149 242 137 73 66 171 23 9 228 53 133 131 134 87 247 245 86 151 237 124 122 216 8 247 212 247 118 204 188 174 134 210 255 13 248 236 188 65 139 15 214 249 11 138 168 47 89 52 116 9 144 155 186 237 101 237 223 65 179 93 149 242 242 162 32 180 70 100 44 174 226 208 197 215 116 8 184 5 12 36 114 72 115 60 19 168 77 11 94 57 67 170 28 218 49 219 141 140 64 100 189 244 188 1 224 153 144 63 255 171 153 232 90 165 169 183 10 231 203 251 102 209 46 49 52 137 212 244 214 34 82 58 34 30 155 237 87 185 153 11 88 225 106 42 179 214 212 100 241 156 240 184 165 183 229 196 26 211 182 148 160 14 105 183 145 67 48 157 204 245 249 117 105 85 156 189 255 132 141 90 87 65 18 142 163 247 31 215

S-box 77:
208 51 89 128 203 242 110 43 75 98 113 77 82 59 191 58 99 206 252 238 68 178 101 160 178 89 60 143 39 238 204 254 152 38 186 141 123 48 79 118 106 221 9 111 197 165 239 125 118 55 98 137 210 4 50 25 132 193 198 214 101 161 172 179 13 107 5 227 243 46 191 74 55 64 170 24 119 110 181 176 121 37 183 133 26 45 177 171 248 218 65 132 25 46 179 174 251 173 153 179 104 86 210 112 186 97 127 66 205 191 146 236 202 148 236 187 58 221 47 76 34 127 25 64 134 253 0 139 47 21 241 23 120 157 47 198 138 183 192 22 155 12 33 33 231 228 2 116 196 127 146 217 203 125 90 147 214 30 124 216 233 6 16 64 58 140 245 169 244 207 58 64 218 118 155 107 191 118 35 45 224 227 49 60 210 49 163 114 167 27 206 90 42 173 212 84 122 146 210 104 250 137 187 192 0 2 113 189 104 103 53 224 117 181 103 55 155 10 240 228 73 37 65 163 163 188 168 175 91 175 200 103 166 63 227 228 255 217 158 162 138 182 86 47 75 139 218 93 17 99 87 252 110 59 96 41

S-box 78:
212 127 22 10 66 10 174 137 197 94 25 106 1 93 181 162 42 186 2 240 203 186 97 146 189 14 82 166 52 94 188 184 82 2 26 19 243 31 24 129 88 176 141 222 144 198 204 79 172 159 229 130 57 34 215 58 20 152 23 195 224 172 79 75 231 21 236 168 168 230 54 78 75 166 98 108 231 244 31 26 239 100 2 1 225 61 33 88 141 47 221 174 114 143 108 87 55 37 60 196 122 63 16 209 49 25 225 201 226 173 19 146 11 64 123 148 9 64 235 111 142 21 119 146 242 212 239 112 67 201 215 159 139 237 190 225 146 184 112 194 252 238 52 74 81 180 111 136 7 23 14 195 134 86 189 25 200 196 177 25 163 9 87 2 66 6 122 217 56 134 161 147 74 154 193 209 182 124 226 49 228 69 239 181 72 185 143 253 70 30 187 80 103 74 40 239 0 70 60 46 89 44 140 131 249 231 139 79 179 99 141 199 33 49 79 89 197 6 50 124 15 241 15 244 33 130 94 202 71 31 208 38 159 207 74 191 192 0 53 154 189 104 102 111 24 219 179 68 142 133 26 17 128 242 9 32

S-box 79:
230 205 124 203 76 20 238 94 87 138 65 182 5 16 94 64 102 121 31 101 0 35 180 250 165 61 223 128 90 151 168 76 180 48 83 232 144 69 90 199 140 177 228 120 222 98 100 6 74 33 66 19 8 216 160 185 77 170 189 210 64 7 129 78 23 235 9 208 32 237 146 175 53 196 105 36 236 81 105 31 204 37 223 193 105 49 14 195 31 142 141 20 134 218 44 53 214 129 95 128 177 223 234 193 199 26 161 115 230 192 152 51 15 10 243 41 252 106 120 50 194 78 130 233 15 37 213 130 186 23 120 152 167 246 165 143 231 134 63 245 226 136 119 134 134 244 79 59 156 29 176 55 85 11 209 178 253 103 218 161 232 179 48 163 2 230 13 234 157 151 64 173 171 23 143 193 245 101 8 85 194 180 200 141 203 80 78 148 102 202 127 139 181 32 178 171 174 162 109 83 200 215 149 233 252 112 44 175 22 81 204 112 162 133 197 42 18 30 98 180 135 104 110 228 212 130 44 39 40 210 151 185 241 111 219 124 139 197 216 253 244 231 34 80 190 84 111 223 133 83 153 27 172 0 24 79

S-box 80:
211 3 221 89 33 30 69 63 225 21 200 81 10 112 156 225 93 145 120 181 146 88 241 180 24 29 128 102 62 67 131 91 51 9 243 85 250 16 92 133 111 227 80 226 169 77 244 255 72 195 131 114 190 2 84 31 68 13 192 47 79 123 169 91 97 25 21 149 182 132 236 27 96 165 61 136 19 118 42 183 241 246 165 161 92 126 36 128 126 228 105 184 21 250 124 171 249 150 114 7 208 221 155 188 74 188 120 242 14 144 66 63 181 53 81 96 207 195 215 2 135 93 180 196 238 192 222 3 244 33 3 135 67 54 207 122 134 224 44 57 153 52 253 128 23 146 250 219 24 111 100 65 206 104 215 36 9 36 134 112 250 31 69 35 90 28 211 137 151 39 191 170 104 132 82 133 46 108 108 30 166 3 239 111 143 125 30 38 222 57 81 154 7 8 199 149 141 89 188 126 17 103 173 191 176 87 203 81 227 106 78 79 172 61 224 226 142 179 99 62 119 204 74 130 87 159 222 192 175 222 139 13 192 108 10 144 15 211 228 175 170 103 19 166 160 31 72 59 225 158 171 82 232 240 77 47

S-box 81:
125 245 131 131 60 162 102 135 139 170 149 4 1 19 228 103 34 174 67 131 115 200 67 16 211 185 147 7 197 85 108 58 191 100 187 12 208 182 234 110 214 97 52 6 43 141 164 33 80 102 220 74 83 8 172 240 221 14 57 79 154 25 155 4 166 203 63 141 145 46 115 39 236 119 114 197 129 85 235 203 47 145 142 131 68 248 135 115 237 73 243 103 241 103 110 5 139 61 186 229 250 52 125 204 130 184 250 147 129 183 22 31 216 29 243 32 37 24 125 140 150 79 155 54 48 6 238 92 62 200 104 104 194 208 34 24 81 211 230 164 90 213 37 12 235 24 85 58 3 2 38 181 228 74 33 45 20 105 9 204 157 20 99 144 104 108 64 107 217 155 22 32 93 195 230 60 238 223 160 11 6 203 3 63 43 245 7 90 116 121 146 22 222 115 207 179 76 176 223 97 118 229 54 205 50 123 194 104 36 196 115 119 107 5 150 135 101 251 32 26 84 208 194 237 81 96 229 73 217 188 3 21 123 110 215 137 154 136 73 70 3 84 30 123 187 117 178 85 141 32 180 129 159 166 189 133

S-box 82:
105 179 212 216 103 137 70 16 36 129 134 78 207 81 9 228 42 87 180 54 84 197 211 115 121 106 176 182 78 208 232 123 63 98 88 197 66 38 78 166 196 156 83 22 238 60 78 148 174 74 243 225 218 253 236 47 158 214 251 105 100 22 178 163 189 44 57 82 191 130 243 93 3 157 91 166 127 82 75 94 202 124 116 125 136 198 134 127 105 215 152 193 1 2 118 252 157 61 241 192 231 58 90 86 160 142 150 140 141 184 159 200 24 174 40 67 62 180 235 170 107 219 62 47 68 42 53 50 92 194 194 199 47 195 211 185 216 167 75 51 103 103 147 60 131 52 232 1 54 83 110 44 7 166 212 181 134 79 93 72 248 242 94 137 29 65 91 46 152 56 10 78 176 88 4 159 143 210 138 55 72 191 43 120 25 70 63 3 255 156 249 180 117 220 25 61 94 204 140 176 184 116 231 154 173 55 122 35 17 255 127 135 217 176 0 5 133 201 88 145 195 53 107 185 173 49 34 39 197 124 100 21 204 68 176 126 77 99 246 204 36 225 60 173 43 48 79 115 106 53 194 239 141 218 25 109

S-box 83:
22 243 136 51 231 84 237 245 219 128 139 187 5 254 99 79 193 182 249 93 238 162 160 7 78 181 106 240 222 134 102 145 124 228 38 5 178 235 108 252 45 27 135 225 198 1 64 242 127 121 82 118 43 131 90 171 161 210 184 241 4 79 232 193 44 47 116 226 155 183 135 85 175 204 48 53 41 68 171 157 95 173 143 83 117 197 122 11 252 234 230 17 169 173 243 156 103 61 60 164 41 188 93 255 163 60 79 97 208 199 41 25 117 211 169 142 113 40 186 218 229 82 242 134 130 226 127 246 241 176 164 190 53 58 208 249 137 163 42 40 190 86 165 204 191 43 103 168 230 26 246 240 32 170 41 146 45 160 36 161 84 71 170 74 192 84 61 177 244 232 91 228 135 91 3 23 132 24 151 243 165 230 45 159 251 164 64 125 164 185 147 136 184 135 136 26 152 199 8 142 78 169 149 225 192 231 208 221 113 98 139 135 131 7 25 252 2 40 152 85 127 246 216 188 0 117 225 126 20 148 81 64 232 218 4 220 32 220 153 215 35 127 27 145 167 198 230 233 140 160 229 57 13 40 243 89

S-box 84:
205 92 255 119 241 59 155 250 76 79 101 245 85 168 205 32 52 161 22 188 209 6 139 54 189 137 29 246 57 225 124 159 33 56 142 25 74 203 215 177 201 131 216 52 48 69 79 134 159 107 117 239 132 57 10 207 186 171 175 178 151 247 220 1 215 45 218 76 227 107 2 20 233 109 2 220 37 164 52 202 47 55 186 187 244 202 16 27 74 87 230 55 200 137 18 58 237 237 42 231 94 217 151 187 214 32 132 50 176 151 128 101 62 209 139 209 88 49 125 191 211 64 179 214 206 122 123 189 127 206 19 233 192 8 47 138 15 215 78 101 23 72 198 110 70 84 46 1 114 210 122 127 142 226 171 129 77 59 95 193 225 84 22 123 224 226 14 195 151 127 125 126 0 214 120 20 187 100 232 24 70 10 224 116 174 217 168 47 142 173 194 250 148 94 37 255 216 37 17 54 213 226 177 206 146 157 232 205 170 79 133 2 238 201 42 198 7 57 61 191 130 148 249 77 2 89 102 169 100 53 88 28 209 72 202 54 152 138 165 212 171 248 141 118 50 6 241 13 201 195 22 130 17 69 71 32

S-box 85:
111 80 204 157 27 22 139 186 73 28 143 125 41 224 166 73 144 89 118 29 103 48 52 247 37 7 60 46 183 242 127 81 157 89 33 169 126 22 204 57 55 162 186 174 164 102 207 213 117 172 213 121 202 233 108 200 222 30 247 67 128 220 1 19 70 241 4 211 210 93 212 24 98 77 237 192 70 29 251 118 201 165 17 44 85 95 161 241 16 76 85 148 85 148 89 106 227 232 13 97 202 251 106 75 129 52 94 249 155 248 102 43 33 140 210 255 8 230 115 74 102 86 192 100 83 123 189 1 212 50 48 154 176 209 234 226 129 57 135 190 103 136 211 54 119 55 178 195 131 201 200 62 191 78 184 242 39 10 246 129 188 65 68 225 114 65 184 215 116 243 234 109 56 242 166 85 234 8 248 215 39 217 97 189 53 114 216 19 204 34 17 104 219 142 74 76 27 0 36 51 183 23 127 202 10 67 238 105 73 32 237 243 7 16 95 164 78 225 117 161 241 116 131 61 127 18 60 144 25 15 76 24 34 70 138 98 96 185 79 235 220 139 34 252 116 186 47 101 162 47 221 70 111 163 167 223

S-box 86:
0 190 171 129 44 239 244 204 1 198 151 238 58 220 248 98 46 122 150 34 177 57 31 68 149 65 25 1 204 45 36 2 56 221 21 216 163 78 146 106 28 240 239 146 175 186 161 197 103 61 224 43 94 218 243 210 44 153 148 119 197 226 4 197 173 175 136 169 147 76 196 220 24 2 18 225 62 75 59 63 28 147 199 15 86 223 46 168 53 51 250 29 241 170 67 142 240 207 253 105 105 191 235 137 229 18 10 7 36 22 41 215 234 172 33 150 33 100 210 50 243 151 12 86 49 30 214 86 124 69 152 233 68 92 43 168 249 95 4 133 35 89 240 173 84 207 86 176 232 249 142 242 212 184 124 44 115 160 161 88 40 130 230 240 141 72 150 209 61 241 142 137 117 74 118 121 35 79 14 139 253 18 201 77 192 162 90 153 17 82 48 78 243 31 228 35 64 211 232 51 27 65 53 85 40 54 93 14 54 75 40 36 197 232 13 136 244 247 117 111 57 233 162 222 234 232 137 146 127 204 246 127 6 1 120 250 130 173 43 171 158 184 1 244 231 170 186 108 114 190 141 223 102 137 248 90

S-box 87:
154 51 243 174 224 183 174 70 38 5 21 144 121 170 11 138 223 111 119 14 167 21 1 246 99 196 140 223 45 156 65 75 50 146 152 254 144 103 182 233 87 138 254 64 28 23 245 135 243 130 163 251 59 62 153 205 212 115 213 74 203 70 126 114 164 172 17 14 130 249 83 155 53 192 93 23 155 7 172 149 107 59 28 182 212 109 197 51 233 178 25 192 202 161 106 55 235 187 143 194 52 11 113 100 87 127 180 132 38 88 220 110 242 80 30 232 26 37 117 92 204 186 1 145 234 217 174 191 83 183 78 48 8 134 46 8 11 234 249 68 222 250 16 197 29 196 38 18 181 156 27 180 5 205 253 232 70 9 88 205 14 206 198 203 64 201 205 192 220 5 8 210 48 130 19 140 76 113 214 206 173 41 193 226 227 155 189 39 42 210 23 246 88 249 184 164 245 216 164 221 55 58 201 64 183 39 24 3 214 99 165 243 202 39 37 234 126 174 170 238 246 123 29 110 34 188 128 108 17 238 154 178 119 21 118 198 83 95 237 31 158 168 16 97 72 182 124 250 6 38 148 106 71 252 211 120

S-box 88:
113 37 130 214 71 72 178 75 54 204 251 250 245 79 200 243 56 42 194 90 225 113 251 63 62 43 98 96 190 24 121 39 249 247 77 150 116 132 24 143 186 36 203 139 40 217 0 35 137 99 55 163 2 223 170 70 117 46 51 54 26 66 23 52 122 28 28 9 26 230 165 219 191 76 224 158 229 228 67 210 96 121 237 90 58 8 142 103 23 250 39 131 27 77 162 201 238 244 221 215 40 20 142 209 12 37 49 119 38 196 70 7 109 176 140 153 112 118 5 184 80 203 172 64 249 245 238 81 144 174 195 63 205 46 252 199 56 190 110 197 20 4 226 73 15 240 212 160 253 187 44 158 179 123 201 199 236 4 132 14 23 56 187 107 200 163 170 43 242 230 84 95 109 127 37 228 166 166 215 29 79 215 157 1 217 254 23 159 138 187 155 220 63 45 169 55 178 251 239 209 123 183 137 70 240 41 53 7 249 127 197 97 188 104 76 68 60 161 160 7 215 72 24 123 88 25 5 39 157 21 63 81 77 239 54 110 253 59 143 138 18 146 87 229 32 169 105 80 235 12 19 178 68 150 35 253

S-box 89:
8 232 211 233 69 127 75 58 242 68 186 132 13 18 133 180 188 59 158 76 67 181 116 66 179 131 93 160 15 92 239 155 248 69 172 225 227 117 129 234 75 144 162 158 113 160 43 105 254 180 116 100 65 242 112 22 181 142 194 190 109 217 49 176 122 213 90 5 25 223 76 193 17 212 210 115 7 2 92 32 85 156 88 189 18 229 123 213 75 22 143 50 88 47 165 163 157 99 77 5 186 56 218 245 162 222 65 37 206 156 245 236 138 255 155 74 240 102 39 153 246 78 41 67 3 14 106 10 149 91 58 230 119 46 176 185 137 76 235 30 166 29 132 244 255 102 206 100 220 57 17 254 12 40 201 37 7 87 64 6 10 31 42 69 98 64 113 176 34 178 149 93 22 31 142 65 153 249 248 222 145 32 56 184 29 100 29 180 61 201 141 81 98 22 65 49 106 50 109 34 136 246 39 179 119 204 238 78 16 179 103 117 125 184 88 27 190 186 121 55 114 141 43 224 227 178 125 173 177 253 149 47 153 162 221 76 134 51 69 193 141 184 112 53 136 193 213 20 136 178 53 91 139 251 186 133

S-box 90:
123 119 167 226 158 87 71 149 215 88 81 90 119 151 55 39 228 230 247 229 110 179 194 159 89 39 144 13 116 81 108 226 126 43 114 185 186 125 255 34 161 109 152 75 220 23 44 1 20 178 23 28 248 80 28 9 183 111 148 159 233 248 5 125 246 45 24 42 56 23 107 9 51 200 142 212 17 153 32 15 82 102 158 119 115 52 168 29 253 77 192 214 249 180 182 94 143 108 41 170 211 202 189 174 208 121 57 189 211 59 125 108 101 221 209 186 215 190 112 218 179 151 21 186 218 91 56 201 82 49 141 216 165 26 4 126 74 101 124 88 30 48 218 162 47 201 221 218 79 210 220 195 104 29 144 32 128 50 216 175 223 158 157 55 198 193 182 144 59 164 72 13 128 233 158 82 25 111 234 174 173 104 178 82 196 76 88 16 254 15 152 124 204 27 142 102 185 110 67 62 24 193 21 173 68 97 158 120 232 235 30 209 34 10 207 201 18 99 5 13 72 26 39 162 81 63 5 74 192 70 164 167 127 113 131 46 255 158 159 52 143 130 117 184 197 250 244 36 12 196 47 51 33 46 211 93

S-box 91:
10 99 29 255 251 176 181 76 148 66 108 37 28 208 112 209 159 193 223 249 166 117 83 131 24 219 157 118 77 64 172 222 106 228 103 181 17 31 100 177 249 107 186 193 75 137 225 130 112 81 118 189 56 227 250 65 107 54 40 184 158 233 179 236 72 9 188 110 87 94 143 53 82 139 56 47 177 17 251 71 34 114 228 208 179 148 119 226 77 217 18 165 222 104 47 139 46 96 99 13 71 62 40 23 11 38 135 247 91 39 62 254 95 68 158 5 211 188 82 9 47 168 171 163 34 213 242 185 201 6 175 44 40 254 235 194 49 233 22 135 229 79 103 34 254 4 248 106 79 56 171 107 113 176 189 81 171 93 125 112 33 210 131 6 196 167 55 229 158 192 3 152 31 21 80 48 212 28 113 247 17 70 225 116 221 199 103 56 224 91 100 243 156 49 128 222 158 113 57 231 85 72 181 219 202 175 195 152 102 98 68 28 122 169 154 155 90 216 159 235 244 186 88 238 141 251 16 76 92 118 28 116 151 4 102 16 209 32 26 123 224 230 14 15 114 130 94 143 24 166 154 161 120 101 155 187

S-box 92:
231 66 148 35 18 73 80 76 14 156 249 57 214 172 14 104 229 17 158 19 40 202 20 212 0 172 37 95 237 56 244 153 186 171 102 193 210 44 93 199 56 5 220 205 48 245 104 36 32 81 21 250 127 228 173 144 165 124 21 75 104 114 62 157 144 132 161 190 184 214 195 57 115 29 133 186 94 244 194 82 238 102 144 150 5 68 207 18 112 205 221 111 67 155 48 34 204 42 133 131 188 187 129 30 14 55 69 222 207 130 194 220 237 18 157 159 140 179 187 91 219 177 220 173 140 110 67 61 250 19 87 168 47 167 134 41 143 94 220 110 46 82 97 125 149 129 110 163 100 43 185 174 164 135 162 131 249 189 75 216 71 23 91 15 222 11 190 99 5 244 141 54 44 23 90 161 74 52 227 45 165 25 217 138 207 90 100 171 83 162 99 4 96 152 33 194 127 189 72 82 147 156 219 108 214 217 81 193 186 163 40 62 80 135 135 162 89 36 190 30 222 69 103 94 170 209 193 117 239 65 132 156 55 143 57 208 139 117 147 85 58 176 0 164 28 141 53 78 45 214 106 72 91 238 227 152

S-box 93:
11 212 136 26 155 237 3 233 67 106 23 242 194 221 88 184 114 21 81 50 192 106 214 24 23 254 240 84 255 193 187 187 190 25 135 139 102 32 135 11 242 46 155 158 136 231 149 255 7 22 22 43 28 21 39 95 36 28 105 92 4 87 6 91 18 190 166 28 24 51 255 210 146 162 1 93 139 208 17 135 188 153 160 54 61 67 123 130 161 119 163 14 80 127 52 92 143 15 121 171 71 136 34 62 217 213 179 244 158 114 27 168 92 73 49 215 125 252 217 226 42 43 222 156 137 23 159 10 82 223 29 182 114 87 161 123 172 144 142 53 99 215 141 204 109 233 161 81 212 163 111 169 41 11 69 83 164 226 93 251 36 206 84 160 81 130 83 69 246 86 101 182 242 76 110 121 193 168 224 113 39 107 104 93 190 120 90 179 48 240 112 247 251 219 244 143 35 245 49 238 48 245 239 145 111 227 10 49 238 65 143 47 161 29 209 150 199 83 159 76 200 140 111 9 216 121 127 164 80 158 79 198 44 36 54 234 239 66 79 69 171 218 250 236 131 110 88 215 83 31 80 94 233 91 156 131

S-box 94:
143 130 226 143 244 38 140 117 181 189 35 23 153 45 108 201 23 168 71 69 170 219 5 19 144 5 102 107 126 250 100 106 159 136 185 163 230 151 35 70 20 96 250 133 199 219 36 166 38 46 71 154 68 189 27 9 187 189 231 147 18 218 5 164 66 29 73 55 222 143 219 123 175 148 173 115 221 162 101 209 207 156 51 243 43 98 241 122 219 66 38 156 163 148 82 187 17 130 78 226 16 47 205 224 184 222 55 130 46 172 120 35 48 27 88 216 88 105 111 135 65 235 74 27 158 245 238 122 171 45 98 223 135 79 199 208 83 138 103 160 228 100 9 127 109 98 211 27 179 197 4 148 77 236 95 11 58 16 17 64 79 107 84 161 216 12 150 42 154 238 62 219 4 155 156 204 183 24 222 207 200 193 193 249 177 102 133 19 188 138 92 135 122 242 201 218 105 103 135 245 13 43 246 9 142 129 18 94 249 25 32 73 48 52 92 24 254 204 61 225 84 139 207 157 38 219 227 153 94 94 157 33 69 231 38 42 30 94 121 186 76 98 159 60 64 96 171 69 34 208 199 54 111 135 76 33

S-box 95:
77 173 21 78 249 172 214 11 116 205 212 219 186 46 32 141 111 103 246 199 61 230 182 247 82 126 164 207 26 4 211 65 231 234 124 91 62 239 202 233 152 188 121 133 161 223 78 163 225 24 219 100 47 20 184 49 57 11 60 198 217 192 93 0 91 36 77 216 200 99 147 14 64 151 224 224 52 153 80 185 155 108 95 92 241 142 29 111 121 124 241 172 196 221 166 0 72 32 132 197 197 231 110 115 80 14 206 213 55 83 68 110 125 35 50 112 231 98 93 222 115 43 5 71 196 16 225 200 90 124 11 12 144 206 78 242 108 88 156 166 159 246 6 29 52 51 48 87 33 163 115 211 20 86 24 6 177 112 99 6 131 198 250 78 198 147 2 154 32 218 35 64 57 154 172 138 183 92 241 34 148 194 68 82 228 92 75 68 76 211 215 23 44 51 213 170 151 109 146 81 89 121 214 106 159 46 188 138 252 94 238 4 194 5 178 242 223 136 32 99 194 50 159 205 4 1 20 174 249 4 145 218 19 212 177 41 123 241 77 245 137 160 84 41 157 76 99 196 233 177 139 56 16 113 119 251

S-box 96:
79 3 81 104 225 83 245 173 149 208 254 186 90 64 24 244 53 61 108 6 98 154 100 255 209 222 82 58 17 176 128 211 50 177 154 20 43 116 10 249 125 7 247 118 201 145 216 1 86 220 188 110 150 98 194 146 39 35 19 193 108 239 23 135 56 201 167 211 213 202 62 230 98 56 12 162 1 184 130 28 107 156 70 199 42 85 255 164 174 180 199 153 83 3 144 194 80 187 228 236 161 113 180 190 19 164 20 47 59 45 103 122 244 143 222 223 9 146 126 249 9 127 183 243 32 89 236 238 172 19 70 238 37 68 203 237 184 127 205 30 236 149 107 63 94 109 4 124 43 156 88 182 15 240 27 231 160 178 191 103 162 223 251 241 201 199 161 173 105 215 227 251 197 179 15 146 210 83 81 73 134 165 139 45 68 115 141 29 162 184 132 25 124 197 108 12 251 28 197 2 194 208 57 179 123 161 116 240 60 2 201 147 121 249 17 10 107 7 98 172 94 191 106 103 59 56 94 65 192 120 46 18 162 229 196 113 88 48 254 12 215 61 75 70 53 87 0 14 148 251 247 110 86 125 136 139

S-box 97:
187 170 195 62 196 209 44 71 198 235 232 127 242 6 53 148 152 85 94 240 187 163 77 148 248 188 139 33 25 239 188 245 119 59 30 7 58 11 101 97 90 129 144 121 244 110 243 226 194 117 85 195 35 47 136 166 215 43 235 97 164 215 152 185 85 99 238 122 96 7 1 17 163 63 5 93 37 85 32 90 240 51 221 138 127 65 97 84 64 67 134 7 42 161 45 113 104 22 245 208 26 82 191 169 111 226 196 145 50 164 245 122 87 234 14 176 81 32 111 96 9 184 254 229 30 26 150 152 238 23 88 28 57 91 123 193 140 196 116 132 48 64 87 249 248 129 140 117 247 59 2 18 225 200 49 10 117 123 229 98 74 118 168 208 135 78 254 76 228 0 142 6 140 165 90 252 68 133 63 199 74 40 90 11 68 215 156 172 105 194 172 31 11 7 191 11 169 112 223 86 184 79 29 115 3 154 54 180 157 95 254 101 9 71 32 114 73 147 254 58 254 156 238 207 6 162 105 102 135 172 27 120 25 122 3 151 65 98 159 37 181 221 20 36 202 41 172 61 18 240 51 227 94 76 194 228

S-box 98:
149 155 202 234 174 62 35 150 149 5 99 49 100 210 252 63 99 99 218 72 22 47 71 99 29 210 87 104 159 220 194 88 1 221 228 163 66 5 59 233 100 181 41 85 124 99 46 211 61 159 167 204 120 164 195 98 140 10 56 200 84 189 104 58 162 31 143 84 10 115 98 207 148 165 239 195 45 34 158 245 249 5 237 148 42 71 241 250 70 196 103 160 50 220 198 77 142 95 125 16 103 223 170 234 238 183 191 137 115 133 88 41 49 22 46 87 247 25 234 182 251 221 135 200 96 12 241 173 103 7 210 37 15 140 145 20 43 167 123 194 100 89 198 130 247 2 43 71 32 35 91 128 126 48 102 187 71 120 187 74 173 41 15 159 44 39 121 221 72 3 134 186 77 122 3 53 173 220 130 23 109 121 224 118 182 122 67 55 6 169 216 56 242 246 135 251 25 199 3 9 110 63 79 43 205 52 253 78 127 6 9 46 195 66 139 18 60 206 204 111 80 96 2 107 111 10 222 76 38 53 10 184 33 54 128 16 126 178 107 152 63 182 200 62 179 64 95 172 77 211 188 41 145 233 66 82

S-box 99:
112 162 5 11 178 246 94 178 37 72 161 39 136 69 98 32 165 172 159 93 234 133 13 9 172 33 69 7 56 103 250 26 77 161 80 105 33 157 104 19 241 197 39 219 156 169 131 192 240 98 120 44 69 105 234 191 164 247 79 86 105 146 246 29 6 76 51 184 234 1 17 247 83 51 92 191 44 179 109 172 54 114 17 196 240 123 174 35 124 26 108 110 61 45 26 102 5 181 34 175 202 60 217 34 20 246 250 45 235 165 1 123 64 51 81 182 241 51 41 91 67 125 144 138 116 156 189 71 202 117 152 3 37 76 177 1 97 194 135 18 39 49 29 46 77 99 102 112 199 43 229 210 90 252 240 81 60 138 156 207 27 2 5 176 221 189 76 127 67 127 155 16 240 102 164 212 251 18 116 122 48 247 22 227 233 161 117 149 16 206 85 47 105 19 247 237 138 229 146 178 38 124 136 210 151 222 187 4 32 44 4 50 19 195 189 230 255 162 2 198 170 191 55 16 58 239 159 214 58 227 29 69 224 200 53 150 50 136 187 86 8 233 21 103 96 219 173 102 142 109 184 6 140 95 187 53

S-box 100:
73 233 13 27 107 153 12 209 37 1 175 160 8 133 7 14 45 9 140 224 3 158 80 1 147 144 128 209 178 53 71 191 162 179 25 235 168 38 31 25 84 172 82 0 252 42 171 11 253 191 45 27 72 165 97 135 141 209 198 136 234 23 15 179 144 236 32 11 49 58 26 244 253 213 160 73 56 76 226 250 113 4 192 84 3 16 126 101 117 112 71 79 39 40 128 160 10 163 91 141 36 6 149 96 206 141 2 13 47 135 82 255 128 158 187 70 129 197 50 51 238 80 100 66 139 163 108 230 210 123 255 252 42 181 226 110 112 189 100 17 133 207 101 66 24 83 12 231 32 93 161 180 233 165 176 194 234 215 20 130 116 155 178 29 245 228 17 17 201 130 27 98 7 203 231 130 251 45 45 40 112 3 230 52 78 220 158 158 145 123 98 222 112 86 122 224 13 33 68 176 234 65 29 145 247 46 61 58 250 185 227 209 143 182 60 87 47 162 53 49 216 176 150 213 121 239 59 31 222 208 208 137 55 237 13 45 36 107 87 54 173 16 242 53 27 70 18 30 131 79 110 244 111 157 232 106

